9.465855468114217501e+02
9.736057847340902072e+02
9.637335605621337891e+02
9.285589071909586210e+02
9.952761627833048124e+02
8.928016433715820312e+02
9.636384817759195585e+02
9.730538234710693359e+02
9.899038000106811523e+02
1.014120620409647586e+03
9.753893054326375704e+02
9.349739859898885470e+02
1.018361679395039914e+03
9.668197422027587891e+02
1.005601783116658567e+03
9.968333609898885470e+02
9.631205329895019531e+02
1.072652585983276367e+03
9.372120809555053711e+02
1.005267267545064328e+03
9.959110507965087891e+02
8.979124406178792697e+02
9.773709621429443359e+02
9.591444393793741483e+02
9.865452070236206055e+02
9.398292719523111600e+02
1.063639115651448492e+03
9.847065114974975586e+02
9.835851341883341092e+02
1.051459129333496094e+03
9.451943651835123319e+02
9.653468723297119141e+02
8.963147964477539062e+02
9.529798571268717069e+02
9.569992373784383517e+02
9.628362185160318631e+02
9.742310527165731173e+02
8.963181330362955350e+02
9.545899963378906250e+02
9.065131387710571289e+02
9.160716870625814181e+02
9.499203243255615234e+02
1.047289539019266840e+03
1.041731923103332520e+03
9.265911108652750272e+02
9.582948172887166720e+02
1.025199817657470703e+03
1.004335843404134152e+03
1.014145775477091433e+03
1.062368943214416504e+03
9.241881675720214844e+02
9.899060481389363986e+02
1.046316958427429199e+03
1.017317551930745481e+03
1.048352396647135492e+03
9.476915321350097656e+02
1.014846761385599734e+03
1.029056895256042480e+03
8.916787840525308866e+02
9.301644573211669922e+02
1.061089857419331793e+03
9.700886084238687772e+02
1.000622799555460574e+03
9.714267533620198947e+02
9.943560069402059298e+02
9.419646132787069064e+02
1.076600209871927973e+03
1.030764677683512446e+03
1.011970439592997195e+03
1.002665511131286621e+03
1.010827961921691895e+03
9.610809860229492188e+02
9.979210186004638672e+02
9.421528968811035156e+02
1.023976831754048703e+03
9.325632464090982694e+02
1.027472010612487793e+03
9.693997592926025391e+02
1.036993995030720953e+03
9.503749259312947970e+02
9.930366258621215820e+02
9.233482109705606717e+02
9.920280555089315158e+02
9.762335643768310547e+02
1.019379940350850461e+03
1.042740758895874023e+03
1.039266378084818598e+03
1.018773064931233762e+03
1.039529070854187012e+03
1.043211497306823730e+03
9.860688244501749296e+02
9.945462811787923556e+02
1.093441101074218750e+03
1.093186370213826422e+03
9.316553745269775391e+02
1.061142356554667231e+03
9.713944307963053006e+02
1.031468412717183355e+03
1.000380468368530273e+03
1.054514880816141840e+03
1.002261279424031613e+03
1.065822193145751953e+03
9.401883344650268555e+02
9.175220673878988009e+02
1.049119892756144282e+03
1.089271319071451899e+03
1.055615171432495117e+03
9.847489026387532931e+02
9.324646835327148438e+02
9.900183560053507108e+02
9.698687276840209961e+02
1.088064719200134277e+03
9.708296559651693087e+02
1.069046709060668945e+03
1.057360327402750727e+03
9.395118846893310547e+02
9.458895721435546875e+02
9.357727988560994845e+02
1.018428969701131223e+03
1.033164625803629633e+03
9.992536067962646484e+02
9.850661382675170898e+02
1.073906609217325922e+03
1.028301874478657965e+03
9.767901627222696561e+02
9.646986268361409884e+02
1.099644152005513433e+03
1.003523310979207395e+03
1.006716649691263797e+03
9.182687164942423124e+02
9.777220344543457031e+02
1.009764800389607785e+03
1.052441290219624761e+03
9.343767900466918945e+02
9.526681369145711642e+02
1.059081601142883301e+03
9.614407285054525119e+02
1.021287417729695676e+03
1.106069254875183105e+03
9.412988990147908908e+02
1.033911140124003168e+03
1.010647054672241211e+03
9.858617547353109103e+02
9.609267028172811251e+02
9.892503433227539062e+02
1.003667963663736941e+03
9.764972105026245117e+02
9.753786150614420194e+02
1.077576759974161860e+03
1.001365789095560672e+03
1.000701385180155398e+03
1.001679357210795047e+03
9.520381011962890625e+02
9.750526628494262695e+02
9.588500277201334256e+02
1.000441730499267578e+03
9.973201710383096952e+02
1.051468713442484614e+03
1.031424536705017090e+03
1.068759761492411371e+03
9.850208641688028592e+02
1.067234251976013184e+03
9.995295724868774414e+02
9.384465592702230197e+02
1.011235715866088867e+03
9.522762502034505587e+02
1.004874575932820676e+03
8.993204828898111600e+02
9.400872567494710665e+02
1.029715574264526367e+03
9.892289857864379883e+02
1.023789430300394656e+03
9.961020142237344999e+02
9.930368773142496366e+02
1.047299803098042730e+03
1.004168010393778445e+03
1.032970562934875488e+03
1.020836744308471680e+03
9.354148327509561796e+02
1.065814968109130859e+03
1.074496743202209473e+03
1.103529755274454828e+03
1.005670696894327762e+03
1.050067427953084234e+03
1.032164489428202387e+03
9.851487544377645236e+02
1.039085254351298090e+03
1.089029985427856445e+03
9.644268655776977539e+02
9.941834411621093750e+02
1.038618615468343023e+03
1.013997936248779297e+03
1.056969484011332270e+03
1.020893408457438113e+03
1.076057956059773687e+03
1.065100234985351562e+03
9.968252232869466525e+02
9.657004098892211914e+02
9.429649833043416720e+02
1.095738599141438726e+03
1.004815873146057129e+03
1.124583693186442133e+03
1.049938775698343989e+03
1.044202039082844976e+03
1.046575763066609625e+03
1.044477747599283930e+03
1.116442481994628906e+03
9.859243075052896756e+02
9.076371962229410428e+02
9.962855494817098361e+02
1.024769510587056402e+03
9.372455301284790039e+02
1.021862898508707644e+03
1.017293671290079715e+03
9.690668284098306913e+02
1.016835932413736941e+03
9.653530251185098905e+02
1.045204224904378179e+03
1.070383494377136230e+03
9.822210963567098361e+02
9.506135489145914335e+02
1.018390185991922976e+03
1.058083875020344976e+03
9.759996484120687228e+02
1.067769441286722895e+03
1.091218014399210688e+03
9.868715260823568087e+02
1.043451494852701899e+03
1.067890292485554937e+03
1.046912498792012457e+03
1.057454764048258539e+03
1.016310801188151004e+03
9.961358658472696561e+02
1.072317411104838129e+03
9.545257364908853788e+02
1.025933840751647949e+03
1.003533184051513672e+03
1.102595987319946289e+03
1.070056496620178223e+03
1.054871932983398438e+03
1.025759237289428711e+03
1.065550907452901129e+03
1.055442131996154785e+03
9.876230325698852539e+02
1.108577374776204351e+03
9.679608287811279297e+02
1.032367609341939215e+03
1.101315948168436762e+03
9.932230847676595431e+02
1.064267507553100586e+03
1.069642517725626703e+03
1.035624922434489008e+03
1.015823429107666016e+03
1.106508038838704351e+03
9.792764024734497070e+02
9.808707075119018555e+02
1.074632424990336176e+03
9.509225511550903320e+02
9.261711381276448947e+02
9.626544631322225314e+02
1.056193723678588867e+03
9.322020400365194064e+02
9.871666666666666288e+02
1.004229593594869016e+03
1.011326170921325684e+03
1.022339233080546023e+03
9.693657890955606717e+02
9.605030345916748047e+02
9.539283943176269531e+02
9.905013885498046875e+02
9.333150987625122070e+02
9.955728559494018555e+02
9.767747777303060275e+02
1.059117987314860102e+03
9.706406825383504611e+02
9.843939412434896212e+02
9.661418078740438204e+02
9.308903163274129611e+02
1.008435201009114621e+03
9.754322322209676486e+02
9.759465799331665039e+02
1.041981486320495605e+03
1.042944122632344488e+03
1.126181625048319574e+03
1.026080849329630610e+03
1.120867544174194336e+03
1.053323733011881586e+03
1.039694685935974121e+03
1.105646842956542969e+03
1.044684079806010004e+03
9.528867244720458984e+02
9.912273972829183322e+02
1.055281976064046148e+03
9.745606791178385038e+02
1.095295176823933843e+03
1.059154336929321289e+03
1.003421896616617801e+03
9.978975296020507812e+02
1.046939833641052246e+03
1.047934212048848394e+03
1.061751129786173578e+03
1.147703154246012446e+03
1.149597768783569336e+03
1.159115983963012695e+03
1.184670254389445063e+03
1.145373453140258789e+03
1.084424444834391352e+03
1.049718075116475347e+03
1.155233336766560797e+03
9.875378370285034180e+02
1.019615565617879270e+03
1.055036787668864008e+03
1.205001339912414551e+03
1.017665609677632688e+03
1.012362491925557492e+03
1.099766697247823004e+03
1.032697562535603765e+03
9.486506204605102539e+02
9.932170181274414062e+02
1.116452817281087164e+03
1.053897666931152344e+03
1.034922552108764648e+03
1.017740302403767942e+03
1.075193782806396484e+03
1.063615389188130621e+03
1.102797153790791754e+03
1.026846107165018793e+03
1.106199451128641840e+03
1.061175263404846191e+03
1.108377597808837891e+03
1.098608461697896246e+03
1.213835584322611567e+03
1.205678367614746094e+03
1.076491556803385492e+03
1.079883550643920898e+03
1.155783414840698242e+03
1.058519912401835199e+03
1.113065210342407227e+03
1.053392415046691895e+03
1.158473668416341070e+03
1.144011656443278071e+03
1.060846947669982910e+03
1.120460103670756098e+03
1.097883610089619879e+03
1.047709096272786383e+03
1.207365299542744879e+03
1.050460971514384028e+03
1.140407442410786871e+03
1.170176352183024164e+03
1.152712718645731684e+03
1.068136629740397211e+03
1.062332882245381597e+03
1.146271351496378657e+03
1.066242027918497797e+03
1.078689716021219965e+03
1.054732308069864985e+03
1.190026987075805664e+03
1.042782359123229980e+03
1.100464039484659907e+03
1.039463482856750488e+03
1.128745331128438238e+03
1.213545280456542969e+03
1.151420970916748047e+03
1.185178762435913086e+03
1.175626448313395258e+03
1.232646587689717535e+03
1.096133322079976324e+03
1.180201743443806890e+03
1.167101537704467773e+03
1.065502438545227051e+03
1.128050929069519043e+03
1.210209601402282715e+03
1.214959031740824457e+03
1.197530845959981207e+03
1.033749827067057367e+03
1.099171820004781011e+03
1.083245255152384516e+03
1.037007170995076422e+03
1.185180886904398676e+03
1.066202475229899164e+03
1.137466994285583496e+03
1.104950870196024653e+03
1.164283342997233149e+03
1.160683311462402344e+03
1.112192321141560797e+03
1.243652097066243414e+03
1.164450117746989008e+03
1.142988882064819336e+03
1.036708350499470953e+03
1.098276445706685308e+03
1.172544407844543457e+03
1.140944384892781500e+03
1.138453585942586187e+03
1.172053028742472407e+03
1.129528555552164789e+03
1.106000371932983398e+03
1.065840250015258789e+03
1.145575209617614746e+03
1.097204422314961676e+03
1.107816370964050293e+03
2.269443037986755371e+03
2.430911966641744129e+03
2.240360717455545910e+03
1.951040208498636957e+03
2.075262074152628429e+03
2.315073471387227528e+03
2.243457355499267578e+03
2.015455666859944586e+03
1.959529865582783941e+03
2.115150538126627453e+03
1.926287973086039301e+03
2.223068981806437023e+03
1.905035492261250738e+03
2.129805773417154796e+03
1.949158098538716558e+03
2.131798329353332520e+03
2.335054115931192882e+03
2.101293485959371083e+03
2.078168557167053223e+03
2.286596484820047863e+03
2.217995381991068371e+03
2.297106870015462391e+03
2.067850430488586426e+03
2.085607467015584461e+03
2.035717164039611816e+03
2.381319174766540527e+03
2.160393059412638195e+03
2.309705581347147472e+03
2.038143051147460938e+03
1.910570796966552734e+03
2.050212042808532715e+03
2.137624683380126953e+03
2.020078016599019293e+03
2.027748886426289801e+03
2.278038929939270020e+03
2.040774382909138922e+03
1.976817170143127441e+03
2.016663804054260254e+03
1.972796601613362554e+03
2.251051918983459473e+03
2.033026258786519293e+03
2.184044673919677734e+03
1.809754942576090571e+03
2.056873843828836925e+03
1.854699324925740484e+03
1.989358201344807867e+03
1.905465980529785156e+03
2.267121904691060536e+03
2.056182200749715321e+03
2.182743116696675770e+03
1.883619387944539312e+03
2.007853680610656738e+03
2.028103011449177984e+03
2.034859841028849360e+03
1.900381316502888922e+03
2.023851536432902094e+03
1.864681406339009527e+03
2.102788659731546886e+03
2.055591060638427734e+03
2.524438950856526844e+03
2.157598855972290039e+03
2.130997345924377441e+03
1.949559964497884039e+03
1.995137033462524414e+03
2.536915796279907227e+03
1.973731086730957031e+03
2.282951862017313488e+03
2.110014096895853527e+03
2.161637975692749023e+03
2.050874820709228516e+03
1.979589029947916742e+03
2.534572219212850086e+03
2.213216555913289540e+03
2.227676872571309559e+03
2.103100689252217762e+03
2.246443485895792492e+03
2.359217812856038563e+03
2.082127169926961415e+03
1.955603296597798590e+03
2.174156484921773426e+03
2.173695943832397461e+03
2.182242339452107899e+03
2.285430409749349110e+03
2.058089669227600098e+03
2.046741981824239019e+03
2.305556812604268544e+03
1.990016288439432856e+03
2.289433127403259277e+03
2.087211572011312001e+03
2.376368554751078136e+03
2.198581657091776378e+03
2.411666056950887196e+03
2.103663420359293468e+03
2.118927618662516124e+03
2.110844155947367199e+03
1.979347081820170160e+03
1.969027307192484614e+03
2.081732800801595204e+03
2.114805993715921886e+03
2.558989102045694835e+03
2.743270476023355968e+03
2.273810764630635731e+03
2.271383247375488281e+03
2.278079347292582042e+03
2.627980032920837402e+03
2.435316948572794445e+03
2.283535972913106434e+03
2.175266510963439941e+03
2.336032677968343251e+03
2.590051240603128917e+03
2.893490548451741688e+03
2.645640355110168457e+03
2.778997643788655751e+03
2.143294098854064941e+03
2.485509072621663563e+03
2.340070600827535145e+03
2.564231688181559093e+03
2.666293130238851063e+03
2.602197850863138683e+03
2.658388736406961925e+03
2.501490784645080566e+03
2.431458458264668934e+03
2.802539186159769542e+03
2.556169200579325206e+03
2.806416731198628895e+03
2.449931029319763184e+03
2.584726682980855458e+03
2.305927152315775402e+03
2.506210228602091320e+03
2.744523689905802257e+03
2.152004151344299316e+03
2.520507354100545399e+03
2.431313670158386230e+03
2.718378839174906261e+03
3.071209966341654308e+03
2.716272352854410656e+03
2.183056803385416515e+03
3.030617492993672840e+03
2.681232741673787586e+03
2.362696268717447765e+03
2.446284234682718761e+03
2.562731953938802235e+03
2.260701323191324718e+03
2.764351614952087402e+03
2.533757901509603016e+03
2.534404614130655773e+03
2.134047719319661610e+03
2.445797831853230946e+03
2.313435798962911122e+03
2.777905938784281261e+03
2.563020760854085438e+03
2.572062671025594227e+03
2.421604687372843273e+03
2.562054464658101551e+03
2.752703995068868153e+03
2.567318364461263172e+03
2.867033206939697266e+03
2.342989571253458507e+03
2.669861460049947254e+03
2.538919710477193348e+03
2.464918896675109863e+03
2.493528549512227528e+03
2.749094325065612793e+03
2.686873976389566906e+03
2.479442382812500000e+03
2.700256302197774403e+03
2.885078506151834972e+03
2.927016004880269520e+03
2.859880783081054688e+03
2.953419426918029785e+03
3.211954873720804699e+03
2.584181623776753895e+03
2.744663600603739269e+03
2.854832027435302734e+03
2.450324138323465831e+03
2.712206635793050282e+03
2.385263489723205566e+03
2.572575160026550293e+03
2.437651336669921875e+03
2.631054125467936046e+03
2.541510870297749989e+03
2.484550518035888672e+03
2.380812690734863281e+03
2.336843465805053711e+03
2.367367506980895996e+03
2.674857999801635742e+03
2.364851143519083507e+03
2.646420052528381348e+03
2.640034344673156738e+03
2.315754563649495594e+03
2.677906278610229492e+03
2.546387299537658691e+03
2.319705782254537098e+03
2.458217508951822765e+03
2.350085225741068371e+03
2.470084103266397960e+03
2.410198712984720714e+03
2.221959379196166992e+03
2.448323194503784180e+03
2.561428882598876953e+03
3.077635088284810536e+03
2.825243340492248535e+03
3.358534207026163585e+03
2.944996163368225098e+03
3.036015762646993153e+03
2.986585660298665516e+03
3.410149439493814953e+03
3.037362549146016590e+03
2.881198489507039540e+03
3.540668750127156727e+03
3.521998864173889160e+03
3.844172731399536133e+03
2.888900672594706066e+03
2.742620327313741200e+03
2.970132973353067882e+03
3.123953593571980946e+03
3.814282705624898426e+03
3.371679308891296387e+03
3.057289084116617687e+03
2.907881230990091808e+03
3.084959457397460938e+03
3.433490393638610840e+03
3.352083205223083496e+03
3.301424046198526867e+03
2.899612490971883290e+03
3.622457237243652344e+03
3.136257176399230957e+03
3.216798408508300781e+03
3.376827465693155773e+03
3.577464742024739735e+03
3.363058855692545421e+03
3.208150860786437988e+03
3.356607906659444325e+03
3.225916082064310558e+03
3.195941566467285156e+03
3.309440258661905773e+03
3.600601476351419933e+03
3.544121655464172363e+03
3.162738503456115723e+03
2.512271403630574696e+03
2.978357755343119152e+03
2.970989613215128429e+03
3.254524565060933583e+03
3.271446219444274902e+03
3.205342766443888195e+03
2.946501342455545910e+03
3.396810068448384754e+03
3.015275292714437001e+03
3.377668521563211925e+03
3.245265349706014149e+03
3.089663040161132812e+03
3.222105306625366211e+03
3.019874023437500000e+03
2.813801156997680664e+03
3.528851772944132335e+03
3.361706762313842773e+03
2.858731865882873535e+03
3.681924058914184570e+03
3.658573199590047352e+03
3.187123845736185558e+03
3.628120990435282238e+03
3.773199719746907704e+03
3.403396476745605469e+03
3.407072753588358410e+03
3.507597452163696289e+03
3.094907656669616699e+03
3.410486330350240223e+03
3.487599958101908214e+03
3.467273674011230469e+03
3.390160454432169445e+03
3.462604790369669445e+03
3.695837269783020020e+03
3.394320381482442372e+03
3.629155011494954579e+03
3.285022580782572277e+03
3.304304405848185070e+03
3.619216069221496582e+03
3.118841714859008789e+03
3.516496650695800781e+03
3.428150436083475597e+03
3.088243939399719238e+03
2.885603206634521484e+03
3.234214970270792492e+03
3.028952043851216786e+03
3.506721653302510731e+03
3.209263747851053722e+03
2.981775266647338867e+03
3.598047321637471669e+03
3.916295180638631336e+03
3.305631297747293956e+03
3.789704808870951183e+03
3.461385889689127453e+03
3.503340731620788574e+03
2.871838323911031239e+03
3.722307260513305664e+03
3.936112783432006836e+03
3.181726631164550781e+03
3.169544321378072254e+03
3.637374179522196300e+03
3.199385190963745117e+03
5.388218488693237305e+03
4.792808684984843239e+03
3.914543476104736328e+03
4.131583799044291482e+03
4.396033929824829102e+03
4.079563646952311046e+03
4.120243706067402854e+03
5.208138758023579612e+03
4.453486733754475608e+03
4.048895925839742176e+03
3.507056468009948730e+03
4.200407492319743142e+03
3.632494167645772450e+03
3.459244958241780751e+03
3.813755220413208008e+03
3.508741255442301281e+03
3.654996695836385243e+03
4.359483771006266579e+03
3.859314040184020996e+03
4.213079146703084007e+03
3.984988458633422852e+03
4.218570382118225098e+03
3.656809492746988781e+03
3.797417795181274414e+03
3.830973963419596203e+03
4.103386002222697243e+03
3.719833097775777333e+03
4.674521874109904275e+03
4.437911829948425293e+03
3.910256896654764660e+03
4.033517640113830566e+03
4.094821015357971191e+03
3.725074309984842785e+03
3.845415150006612294e+03
4.263317655563354492e+03
4.792045653661091819e+03
4.685909943580627441e+03
4.482537109375000000e+03
4.836832795778910622e+03
4.018260125796000011e+03
4.428006909688313499e+03
4.476067409833271995e+03
3.618308009783426769e+03
4.308527883847554222e+03
3.955255416870117188e+03
4.220832748413085938e+03
3.922567182858785145e+03
3.433863583882649891e+03
3.570924909273783214e+03
4.045458775520324707e+03
4.135917239189147949e+03
3.956486975987752430e+03
5.052075840632121071e+03
3.703295855522155762e+03
4.036381850242614746e+03
3.598282074292500965e+03
4.605003273328145042e+03
4.004933839162190907e+03
4.034081482887268066e+03
4.162868218739827171e+03
4.286392702102661133e+03
4.697823759714762673e+03
4.433026436169941917e+03
3.524574893633524425e+03
4.070989219665527344e+03
4.261433810234069824e+03
4.842237433751423850e+03
5.210557329177856445e+03
3.675999648729959972e+03
4.376724114418029785e+03
4.207910507202148438e+03
3.949248805363973133e+03
4.208422887166340843e+03
4.319430303573608398e+03
4.419664631843566895e+03
4.073656363805135243e+03
3.857178121566772461e+03
4.271900753974914551e+03
4.355335237185160622e+03
3.964546898523966320e+03
4.014276695569356434e+03
3.544297907511393078e+03
3.608825031598409169e+03
4.762213627815246582e+03
3.874046860694885254e+03
4.011449473381042480e+03
4.497432358105977073e+03
3.979756375948587902e+03
3.903670215606689453e+03
4.087709997495015614e+03
4.152755742390950218e+03
3.975864390691121571e+03
3.576562981923421376e+03
3.526789685249328613e+03
4.574106447855631814e+03
4.241406797409057617e+03
4.415321300506591797e+03
4.299111634890238747e+03
4.062490459442138672e+03
3.883079004923502453e+03
5.941897591590881348e+03
4.971114812215168968e+03
5.141157534917195335e+03
4.621257331212361350e+03
5.248428107897440896e+03
5.187564120292663574e+03
5.760772019704182640e+03
5.195664109865824685e+03
5.836090319633483887e+03
4.606263037363688454e+03
4.609660331408183083e+03
4.658368544578552246e+03
4.795766125043232933e+03
5.231929760297139183e+03
5.199002594629923806e+03
4.757663266181945801e+03
5.570363865534464821e+03
4.752014292081196800e+03
5.312219219525654808e+03
5.108779580434163108e+03
6.184918382008870140e+03
4.827996639251708984e+03
4.978793004035949707e+03
4.729909056345622048e+03
5.159068549791972146e+03
6.374993561426798806e+03
5.753783023516337380e+03
5.086195782661437988e+03
5.673127707163493142e+03
5.441956999142964378e+03
4.811675314267476097e+03
4.874753085136413574e+03
4.486911115328471169e+03
4.792053566932678223e+03
4.466598358790080056e+03
5.159540630976359353e+03
4.740070248603820801e+03
4.863358605702717796e+03
4.661426483790080056e+03
5.009520197232563987e+03
5.013567354838053689e+03
5.878927646636962891e+03
4.691984625816345215e+03
5.759492486317952171e+03
5.702578143119812012e+03
4.788709978421528831e+03
5.206246584256489768e+03
6.248182022730509743e+03
5.551300368944804177e+03
5.459576920191447243e+03
5.335256492932637229e+03
5.349540806452433571e+03
6.157600935618082985e+03
5.411253166834513650e+03
4.897636197725932107e+03
5.325422492980957031e+03
4.750272706031799316e+03
5.211184426307678223e+03
5.016954653104146018e+03
4.798553606351216331e+03
4.503388813654582009e+03
4.908841463406880393e+03
5.086058427810668945e+03
4.960450630187988281e+03
4.925498395919799805e+03
5.495446945190429688e+03
5.683002234458923340e+03
5.311185989697773948e+03
5.567667451540629372e+03
5.134857693036396995e+03
5.628105090141296387e+03
4.718822657267252907e+03
4.305777407010396018e+03
5.003079864184061989e+03
4.264989009221394554e+03
4.598531099001566872e+03
4.663585191090901390e+03
4.729481609026591286e+03
4.919532167752583518e+03
4.849509448687235817e+03
5.322316222508748069e+03
5.560422031720479026e+03
4.818696182250976562e+03
5.062584608713786110e+03
5.600899153391520485e+03
5.486122839291890159e+03
5.479637214024861350e+03
5.489026044527689919e+03
4.784684766769409180e+03
5.152386315027873025e+03
4.134864978790283203e+03
4.770899796168009743e+03
4.847160326004028320e+03
5.044615342458088890e+03
5.533690806070963845e+03
6.051505765597025857e+03
4.818938142140706077e+03
6.303627056439717308e+03
6.370819528897603050e+03
5.376901796340942383e+03
7.653652642885844216e+03
6.917213245073954567e+03
7.804556072235107422e+03
7.984550360679626465e+03
9.197757218996683150e+03
7.843218840916951194e+03
6.732975927035014138e+03
7.390702364921569824e+03
6.423993497212727561e+03
6.858798225084940896e+03
6.863985747019450173e+03
6.872408651987711892e+03
7.209409986813862815e+03
7.803456915537516579e+03
7.681755333582560525e+03
6.495941089312235817e+03
7.611835492769877419e+03
7.614672366778056130e+03
7.241792559941609397e+03
7.338884746233622536e+03
7.425300621032714844e+03
8.367482162475585938e+03
6.810394143740336403e+03
6.565848766644795433e+03
6.733330930709838867e+03
7.259854319890339866e+03
7.010072216351826683e+03
6.874734997113545433e+03
8.382538072903951615e+03
6.052180034637451172e+03
7.499945472081501975e+03
7.757422952334086403e+03
6.879266458829243675e+03
6.271777740478515625e+03
6.413485795338948265e+03
6.292060115178425804e+03
7.473779741923014626e+03
6.654919596989949241e+03
6.978418831189473167e+03
6.697349415779113770e+03
6.990514853795369163e+03
6.729926304181416526e+03
8.174047541618347168e+03
7.829997063954670921e+03
7.798508369763691917e+03
6.556444217363993630e+03
7.148879331588745117e+03
7.642960670789082542e+03
7.108632580121357933e+03
6.778305304845173850e+03
6.721379593849182129e+03
6.897714118003845215e+03
6.802261304855346680e+03
6.001842745463053689e+03
6.737761940320332542e+03
6.537988939603169456e+03
5.790982360204060569e+03
7.119102732976277366e+03
7.442627810478210449e+03
6.371464480082194314e+03
6.364237569491068825e+03
7.299317113558451638e+03
6.312498920440673828e+03
7.348230566978454590e+03
7.188529611587524414e+03
7.343994525909423828e+03
7.658652113596598610e+03
7.880137038866679177e+03
8.625806898117065430e+03
7.034686350822448730e+03
6.829529678662617698e+03
8.502798633575439453e+03
6.941272229512532249e+03
7.680464102109272972e+03
7.931300582885742188e+03
6.500461109797160134e+03
6.343257078806559548e+03
7.279015730857849121e+03
6.713371135711669922e+03
6.618510676701863304e+03
6.966652654329936013e+03
7.452015903790791526e+03
6.837129352887471214e+03
6.708966684023539528e+03
6.738655255635579124e+03
7.738621212641398415e+03
7.567486984570820823e+03
9.289919678370157271e+03
7.714467845916748047e+03
8.398052942593893022e+03
7.816302331924438477e+03
7.707447400410969749e+03
7.344414379119873047e+03
6.864024666150410667e+03
7.944462549527485862e+03
8.292425282160440474e+03
7.196839125951130882e+03
6.855756218274434104e+03
7.977095029830932617e+03
6.669073540051777854e+03
1.093738983885447124e+04
9.516166735013326615e+03
1.105722753429412842e+04
1.123472455406188965e+04
1.026444799772898295e+04
1.087678396892547607e+04
1.080601865514119527e+04
1.396234443314870259e+04
1.354096000321706197e+04
1.164836180305480957e+04
1.364201311079660991e+04
1.425126524766286275e+04
1.325299403985341451e+04
1.254627860418955424e+04
1.125051400566101074e+04
1.137367745208740234e+04
1.151213672415415385e+04
1.117572046597798726e+04
9.360101144472757369e+03
1.114200062910715678e+04
1.259188042640686035e+04
9.728137069066366166e+03
1.123673415660858154e+04
9.374519353548685103e+03
1.198998115285237691e+04
1.200702280616760254e+04
1.249228833866119385e+04
1.383660327053070068e+04
1.392521813042958638e+04
1.242099166901906392e+04
1.160934302679697612e+04
1.298983763058980367e+04
1.372795886198679545e+04
1.123822530841827393e+04
1.199883427460988423e+04
1.384300588989257812e+04
1.269183480167388916e+04
1.156209654235839844e+04
1.402661880938212016e+04
1.173903256893157959e+04
1.246706331857045552e+04
1.190902817344665527e+04
1.149207592932383159e+04
1.111688785235087016e+04
1.352858144601186177e+04
1.322332546583811381e+04
1.149426717503865621e+04
1.077646830209096333e+04
1.117367866706848145e+04
9.442031240781148881e+03
1.011241071287790874e+04
1.143133719444274902e+04
8.315291545867919922e+03
8.983038531621297807e+03
8.999922778129577637e+03
9.534775458971658736e+03
1.206869669977823833e+04
1.350755545584360698e+04
1.083193524010976216e+04
1.152089232285817525e+04
1.165569195397694966e+04
1.298573889859517476e+04
1.268447520669301412e+04
1.166339014275868794e+04
1.098192074616750142e+04
1.320154353618621826e+04
1.161292323557535747e+04
1.062379400602976420e+04
1.087197662862141988e+04
1.156919745540618896e+04
1.359070092709859273e+04
1.046489841969808003e+04
1.299583525721232036e+04
1.150057447210947612e+04
1.136627526156107524e+04
1.085466365083058736e+04
1.275229542477925679e+04
1.303843847211202046e+04
1.125975484180450439e+04
1.257771290938059428e+04
1.199430227216084859e+04
1.172081755193074605e+04
1.071099677626291850e+04
1.439732799593607524e+04
1.081229707590738872e+04
1.254902735296885112e+04
1.171399337387084961e+04
1.193272192255655864e+04
1.003597629261016846e+04
1.428804877758026123e+04
1.127631859874725342e+04
1.019161669794718364e+04
1.061490811125437358e+04
1.149349902057647705e+04
1.354767526563008687e+04
1.463574411455790141e+04
1.069989159361521342e+04
1.382082829729715922e+04
1.217999128437042236e+04
1.219334528605143169e+04
1.929745155779520792e+04
1.860695365937550741e+04
2.430705602232615274e+04
2.185228303591410440e+04
2.037999675528208536e+04
2.061994762357075888e+04
2.292619315179188925e+04
2.207237009112040323e+04
2.238703399753570557e+04
2.146718551572163778e+04
2.382618332131703573e+04
2.002914039389292520e+04
2.155967897033691406e+04
2.535880179500579834e+04
2.469035888830820841e+04
2.372354913361867148e+04
2.425906634807586670e+04
2.278362776088714600e+04
2.016774141057332236e+04
1.859349582417805868e+04
2.047687735462188721e+04
2.075863041083018106e+04
1.811879270267486572e+04
1.689604244073231894e+04
1.775323410924275595e+04
1.586399918778737447e+04
2.166675333340962607e+04
1.650424963919321817e+04
1.813656361675262451e+04
2.065876179695129395e+04
1.779419521077473837e+04
1.882540749041239542e+04
1.824344009876251221e+04
1.989014579550425333e+04
1.833490329456329346e+04
1.720380688889821249e+04
1.605107572809855083e+04
1.940475278568267822e+04
1.881397696590423584e+04
2.036078086694081503e+04
2.094904617182413858e+04
2.005423112201690674e+04
2.173967605241139609e+04
2.121000330575307089e+04
2.117485130182902139e+04
2.355866423447926718e+04
2.298391904671986777e+04
2.427002458095550537e+04
2.167393099021911621e+04
2.155027146593729776e+04
2.144640845743815225e+04
2.000208064492543417e+04
1.776454679775238037e+04
2.246357378451029581e+04
1.853402940050761026e+04
1.727114942900339884e+04
1.793275072765350342e+04
1.446424692885080913e+04
1.531333468437194824e+04
1.869951615715026855e+04
1.705891137409210205e+04
1.872242014980316162e+04
2.016259217453002930e+04
2.242748024527231973e+04
1.864403833262125772e+04
2.267826191616058350e+04
2.294466471544901651e+04
2.164888412157694620e+04
2.136681606896718222e+04
2.097850732231140137e+04
2.237525787130991739e+04
2.177753906472523886e+04
2.131498301029205322e+04
2.195005852444966513e+04
2.143806672032674032e+04
1.842260111204783243e+04
2.299267350673675537e+04
2.286613928159077841e+04
2.191772493871052939e+04
2.057163375123341757e+04
1.921038628546397013e+04
1.922651909287770468e+04
1.850592409896850586e+04
2.381244652684529501e+04
1.835988955338795859e+04
1.911549292214711386e+04
2.318079044373830038e+04
1.840856729952494425e+04
1.814494037787119669e+04
2.133448053868611532e+04
1.971941490999857706e+04
2.151548562399546427e+04
1.833791629314422607e+04
1.912147736199696737e+04
2.140640878899892050e+04
2.217251042397816855e+04
2.172928665033976358e+04
2.290295879904429239e+04
2.151717695935567099e+04
2.320359487088521200e+04
2.932782458146413046e+04
3.180244142373402792e+04
3.732697930622100830e+04
3.044425902334849161e+04
2.887878127511342245e+04
3.162589734554290771e+04
2.991660862191518027e+04
3.330544096088409424e+04
2.710423082383473593e+04
3.411880494054158771e+04
3.533204162661234295e+04
2.885671664365132528e+04
2.890967320728302002e+04
2.863563337135314941e+04
3.494280623658498371e+04
3.089612083943684775e+04
3.029393899981180948e+04
2.684475694147745889e+04
2.801418183422088623e+04
2.710511227258046347e+04
3.089559745343526083e+04
2.588389818318684775e+04
2.797176289526621622e+04
2.408576438077290732e+04
2.714545182514190674e+04
2.936295517762501913e+04
2.412362877146403116e+04
2.909994175465901571e+04
2.900267481803894043e+04
2.987860961341857910e+04
3.119378373845418173e+04
3.067865662924448770e+04
3.501465640258789062e+04
2.901350599797566611e+04
3.335832783540090168e+04
3.156124036534627157e+04
2.920948944759368896e+04
2.925232072003682333e+04
3.042625195248921591e+04
3.010785979398091513e+04
2.866613252703348917e+04
2.799155883471171182e+04
2.526665784994761270e+04
2.696383265717824179e+04
2.396620109494527060e+04
2.739225953610737997e+04
2.988472568861643595e+04
2.884912271213531494e+04
3.110449671459197998e+04
2.960258931605021280e+04
3.250463354523976523e+04
3.167463031673431396e+04
2.878546971448262411e+04
2.642780141226450723e+04
2.854874926598866659e+04
2.847764984289805216e+04
2.937092939249674600e+04
3.431571168835958088e+04
2.735004247887929159e+04
3.462940783818563068e+04
3.027213066577911377e+04
2.783635575930277628e+04
2.977777465248107910e+04
3.643027107302347576e+04
2.646776859633127970e+04
3.127204787604014200e+04
3.327734314854940021e+04
3.239507840188344198e+04
2.962768113454182821e+04
2.961211624844868857e+04
2.920659341589609903e+04
2.810442086283366007e+04
2.651659554195404053e+04
3.681919150575002277e+04
2.748767753664652628e+04
2.567210832405090332e+04
2.899788856919606405e+04
2.780318601576487345e+04
2.957868122196197510e+04
2.738437787850697714e+04
2.984467821788787842e+04
3.127374959564208984e+04
3.027344098059336466e+04
3.566302198759714520e+04
2.991739553133646768e+04
3.306134075196584308e+04
3.076935227870941162e+04
3.503432264137268066e+04
2.628080937290191650e+04
3.385291637325286865e+04
3.705714644273122394e+04
2.965170012283325195e+04
2.676389109452565390e+04
2.759406891695658487e+04
2.997369213803609091e+04
2.883216815217335898e+04
3.046725627835591513e+04
3.206876916567484659e+04
3.526523916625976562e+04
2.933560196717580038e+04
3.564511057694753254e+04
3.830966632906595623e+04
3.457170854091644287e+04
3.435322491168975830e+04
3.838655553499857342e+04
3.199356374613444132e+04
3.556026480420430744e+04
3.083287103176116943e+04
3.921323500029245770e+04
3.379156775347391522e+04
3.259988169193267822e+04
3.267910215536753458e+04
3.092014518165588379e+04
3.277338863786061847e+04
3.684529008165995037e+04
3.978225245094299316e+04
3.455575990390777588e+04
3.543725174013773358e+04
3.597113396549224854e+04
3.491276572132110596e+04
3.791236619440714276e+04
3.325128813203176105e+04
3.579747411251068115e+04
3.208709130160013956e+04
3.111059772618611532e+04
4.115204744275411213e+04
3.400254848225911701e+04
3.186282547124226767e+04
3.337987095546722412e+04
3.426353133996327961e+04
2.809586965751647949e+04
2.818983459345499796e+04
3.744767027918497479e+04
3.369554880905151367e+04
3.143618241532643515e+04
3.355820764923095703e+04
3.087532002099354941e+04
3.737242725658416748e+04
3.289291864363352215e+04
3.032507157389323038e+04
3.483485311762491619e+04
2.920073531691233438e+04
3.348032126617431641e+04
3.668523684469858563e+04
3.389490022595723713e+04
3.536086224842071533e+04
3.216299271519978720e+04
3.792860778872171795e+04
3.482447208595275879e+04
3.613312444082895672e+04
3.213983561261494833e+04
3.205610694917042929e+04
3.726117458629608154e+04
2.979075506083170694e+04
3.445802735487619793e+04
3.190482198429107666e+04
3.846473078664144123e+04
3.211199065685272217e+04
3.104780364640553671e+04
3.932389594713846600e+04
3.528945985984802246e+04
3.283955590788523114e+04
3.763066714572906494e+04
3.454401107025146484e+04
3.259595687103271484e+04
2.899633514753977579e+04
3.523602018992105877e+04
3.522812219905853271e+04
3.650330971082051838e+04
3.691893541876474774e+04
3.277096552149454510e+04
3.606341666475931561e+04
3.583483973566690838e+04
3.034243186664581299e+04
3.942682791137695312e+04
3.134058991114298624e+04
3.654179656251271808e+04
3.327090238920847332e+04
2.912369676653544229e+04
3.435601301797231281e+04
3.283171320438385010e+04
3.324757342592874920e+04
4.313117769591013348e+04
3.343998772207895672e+04
4.205796546745300293e+04
3.458376401138305664e+04
3.725299348481496418e+04
3.471987384478250897e+04
3.520759116967519367e+04
3.332855541960398114e+04
3.266785542837778848e+04
4.008033244355519855e+04
3.395347338231404865e+04
3.950810243384043133e+04
3.307293933900197590e+04
3.576531495920816815e+04
3.589354733626047528e+04
3.242686809508005899e+04
3.768838872687021649e+04
4.014638518397013104e+04
3.309737645816802979e+04
3.500032844765981281e+04
3.594643018563588703e+04
3.223855486710866171e+04
3.404421426868438721e+04
3.144558322715759277e+04
3.170381816005706787e+04
3.222425740400950235e+04
3.184663601334889609e+04
3.934891413847605145e+04
3.629686991977691650e+04
3.545073713334401691e+04
3.941006159973144531e+04
3.497977845827738201e+04
3.242095279089609903e+04
3.410147322972615802e+04
3.193033696397145468e+04
3.406394857438405597e+04
3.192992595926920694e+04
3.824804931513468182e+04
3.864904650402069092e+04
3.458090654277801514e+04
3.146182039483388144e+04
3.152518143145243448e+04
3.058740794181823730e+04
3.191566365655263144e+04
3.519201461060842121e+04
2.855060094960530478e+04
3.549686861960092938e+04
3.658958965396881104e+04
3.276869246768951416e+04
3.523202192719777668e+04
3.735947133477529133e+04
3.578146666463216388e+04
4.033356956291198730e+04
3.683423764991760254e+04
3.002905470848083496e+04
3.298143315060933674e+04
3.452508996550241864e+04
3.170766747029622275e+04
3.417334678109487140e+04
3.303204361979166424e+04
3.603832317256927490e+04
3.436724698766072834e+04
3.386143293476104736e+04
3.384493057727813721e+04
3.533783412774404133e+04
4.113642704741159832e+04
3.354241072305043781e+04
3.270738226222991943e+04
3.802551043192545330e+04
3.313370249430338299e+04
3.316470754877725994e+04
3.110347404893239218e+04
2.780783371798197550e+04
3.719805528386434162e+04
2.939397315247853476e+04
2.717574732081095499e+04
3.317878600978851318e+04
3.308629767576853192e+04
3.846087319978078449e+04
3.293974126052856445e+04
3.295462580553690350e+04
3.486540752379099285e+04
3.738555009524027264e+04
3.641898174985250080e+04
3.691218016815185547e+04
3.506313710212707520e+04
3.084188772932688516e+04
3.201574184449513632e+04
3.549954511992136395e+04
3.550129830582936847e+04
3.418355659961700439e+04
3.382056593227386475e+04
3.323505366579691326e+04
3.474387933826446533e+04
3.185422080326080322e+04
3.308725780709584797e+04
3.578829567305246746e+04
4.134639761702219403e+04
3.993584766356150067e+04
3.297492065143585205e+04
2.801826272837321085e+04
3.276374920876820761e+04
3.229734166081746298e+04
3.011257545916239542e+04
3.733107441139221191e+04
3.611248539479573810e+04
3.123490276845296103e+04
3.676462152385711670e+04
3.421397047805786133e+04
3.778160733286539471e+04
3.212703980668385702e+04
3.143044741980234903e+04
3.449743358612060547e+04
2.774582579167683798e+04
3.051809113502502441e+04
3.273722995535532755e+04
3.378534381707509601e+04
3.176200284194946289e+04
3.497184964052835858e+04
2.660499543221791464e+04
3.215915367698669434e+04
3.163431869761149210e+04
2.855238648764292520e+04
2.773153091653187948e+04
2.817050006071726602e+04
2.568202334562937540e+04
3.025108723831176758e+04
2.951464367930094522e+04
2.920639931837717813e+04
3.037097714964548868e+04
2.896414380868275839e+04
3.161086004765828329e+04
3.086378173065185547e+04
2.817546660741170126e+04
2.462260206286112589e+04
2.766840760103861612e+04
2.888732389736175537e+04
2.794854796155293661e+04
2.415251746082305908e+04
3.079197132714589316e+04
2.466007218106587607e+04
2.649008317216237265e+04
2.617604657777150351e+04
2.585962115033467489e+04
2.479230040518442911e+04
2.569145112005869669e+04
2.497088325468699259e+04
2.715487843132019043e+04
2.671754703044891357e+04
2.776878377691904825e+04
2.991954399871826172e+04
3.083548375161488730e+04
2.941994173749287802e+04
3.043000750287373739e+04
2.861095541032155234e+04
2.676750777371724325e+04
2.877742402394612509e+04
2.492054886341094971e+04
2.748326549816131592e+04
2.816987268956502157e+04
3.112163364378611368e+04
2.343049897034962851e+04
2.823215065828959268e+04
2.983871145884196085e+04
2.849979699961344522e+04
2.809322031752268595e+04
2.490744044081370157e+04
2.452525532627105713e+04
2.906292425378163534e+04
3.425475579229990399e+04
2.708546084372202677e+04
2.628988878631591797e+04
2.663758705170949179e+04
2.663480737559000772e+04
3.131177437527974325e+04
2.743897998491923136e+04
3.025007694721221924e+04
3.160829909960428995e+04
2.863892378393809122e+04
2.648423638979594034e+04
2.792836047935485840e+04
3.096693191528320312e+04
2.567765796343485636e+04
2.444647699515024942e+04
2.757211642710367960e+04
2.895219970480601114e+04
2.607577969423929972e+04
2.745482368628184122e+04
3.116845127836863321e+04
2.442305898888905722e+04
2.894803509394327921e+04
2.894340784295399862e+04
2.736202816549937052e+04
2.963025266615549845e+04
2.773043965371449667e+04
2.646418828582763672e+04
2.588067376232147217e+04
2.381650872357686239e+04
2.893633362420399862e+04
2.867608767191569132e+04
3.287426164182027424e+04
3.152285698731740194e+04
2.759001469643910605e+04
2.749759107049306112e+04
2.617133146667480469e+04
3.290227385330200195e+04
2.654149306297302246e+04
3.147047055498759073e+04
2.979849738089243692e+04
2.836770479043324667e+04
3.664323691399892414e+04
2.933304871336619181e+04
3.296091587320963299e+04
3.201198706213633341e+04
2.941208301194508749e+04
2.491106495698292929e+04
2.438317291673024374e+04
2.862621181424458700e+04
2.036960238933563232e+04
2.370309307098388672e+04
1.798090366331736368e+04
2.106928797435760498e+04
1.956422263526916504e+04
2.410624409294128418e+04
1.952421019713084024e+04
1.918556553936004639e+04
1.680634422810872275e+04
1.601395025857289693e+04
1.793434870974222940e+04
1.908538548024495321e+04
1.673179868888854980e+04
2.032943273671467978e+04
1.972796494642893595e+04
1.944550135993957520e+04
1.802955724716186523e+04
1.841909689013163370e+04
1.884197598520914835e+04
2.130956991004943848e+04
2.403098061815897745e+04
2.243326255035400391e+04
2.163285668913523477e+04
2.595115389315287393e+04
2.297024319235483927e+04
2.205038026301066202e+04
2.189265718619028848e+04
1.990730245335896689e+04
1.814584908199310303e+04
2.074169294897715372e+04
1.659632083384196085e+04
1.900843763256072998e+04
1.755844570382435995e+04
2.353233924007415771e+04
1.822207170486450195e+04
1.857241517988840860e+04
1.775693533102671427e+04
1.839189336872100830e+04
2.266508366934458536e+04
1.703137098916371542e+04
1.914646628061930460e+04
2.065286990865071493e+04
1.749458771133422852e+04
1.865841371186574179e+04
1.770692929776509482e+04
2.076925785891215128e+04
1.779761422761281210e+04
1.632220158386230469e+04
1.721561865647633749e+04
1.953673336505889893e+04
1.718780222320556641e+04
2.130049028873443604e+04
1.906095567735036093e+04
1.745885655307769775e+04
2.129113289642333984e+04
2.587187575244903564e+04
2.080098297754923624e+04
1.798684218724568564e+04
2.294692417875925821e+04
2.351047889645894247e+04
2.255142196528116983e+04
2.250597499338785929e+04
2.370885311158498007e+04
2.085172187836964804e+04
1.907853202978770059e+04
1.947270403035481650e+04
2.150872935390472412e+04
1.976929535134633261e+04
2.585184529272715372e+04
2.110970275211334229e+04
1.881970655727386475e+04
1.817328701241810995e+04
1.928253907839457315e+04
1.761611113071441650e+04
1.956355152765909952e+04
2.249951269721984863e+04
1.898490579827626425e+04
2.315830308214823526e+04
2.032473670578002930e+04
2.056718531513214111e+04
1.871998074881235880e+04
1.728331201616923136e+04
2.003382645638783652e+04
2.015753070354461670e+04
2.115807967789967734e+04
1.931072674560546875e+04
1.977313993008931357e+04
1.918580267842610556e+04
2.174351639684041220e+04
2.342237015724182129e+04
2.147209906895955282e+04
2.142802337265014648e+04
2.269892142136891562e+04
2.452925862471262735e+04
2.114717567094166952e+04
2.135697531859080118e+04
1.829530558427174765e+04
2.080075183359782022e+04
1.957545039367675781e+04
1.811480795478820801e+04
1.567769497744242290e+04
1.464048101488749126e+04
1.921539158439636230e+04
1.569391092522939107e+04
1.502290259393056294e+04
1.654134237670898438e+04
1.487225177351633647e+04
1.434583994102478027e+04
1.432489963944753072e+04
1.244845157178243062e+04
1.427447000789642334e+04
1.419978705787658691e+04
1.173850977357228658e+04
1.325509617710113525e+04
1.360221834373474121e+04
1.297957205041249654e+04
1.251919408702850342e+04
1.415381671524047852e+04
1.499564537874857524e+04
1.466062588055928609e+04
1.535069176642099956e+04
1.400898004690806010e+04
1.687006979688008505e+04
1.434561242103576660e+04
1.337596726767222026e+04
1.203987944094339946e+04
1.306955503177642822e+04
1.056557802009582520e+04
1.324530616855621338e+04
1.295061604913075826e+04
1.473607137457529643e+04
1.585509584935506246e+04
1.503545401414235494e+04
1.182088091754913330e+04
1.229541595077514648e+04
1.493472795454660991e+04
1.422057933998107910e+04
1.372460401948293111e+04
1.520174768733978271e+04
1.487831302642822266e+04
1.303461672719319722e+04
1.334050590769449809e+04
1.440668543497721294e+04
1.138794736353556254e+04
1.197631185150146484e+04
1.230293906084696391e+04
1.371019377962748149e+04
1.290384031232198140e+04
1.606289670181274414e+04
1.472351255671183208e+04
1.504192544651031494e+04
1.292965510272979736e+04
1.417940447298685649e+04
1.415094348271687886e+04
1.437698952102661133e+04
1.678052688376108927e+04
1.619245014667510986e+04
1.419336159578959087e+04
1.249793286069234273e+04
1.493556930414835551e+04
1.477944146188100240e+04
1.152453094641367534e+04
1.221656672445932963e+04
1.309045699596405029e+04
1.451299750963846782e+04
1.369197341124216655e+04
1.235743107954660991e+04
1.233103326861063579e+04
1.363958575185140035e+04
1.369759767278035542e+04
1.477190031909942627e+04
1.584282649135589600e+04
1.481654425525665283e+04
1.362107745583852193e+04
1.662594953346252441e+04
1.454310638205210307e+04
1.612701590696970561e+04
1.509175197633107564e+04
1.940437863381703573e+04
1.530374562676747701e+04
1.426959537474314311e+04
1.481719418303171733e+04
1.250651971371968648e+04
1.325439781602223775e+04
1.368511630853017232e+04
1.334455296802520752e+04
1.604645488834381104e+04
1.270602108414967915e+04
1.237248130861918071e+04
1.473962357902526855e+04
1.429085302066802979e+04
1.331731349817911723e+04
1.302845422840118408e+04
1.387495647811889648e+04
1.368472749582926372e+04
1.356631755256652832e+04
1.484997917938232422e+04
1.357833086458841899e+04
1.385111611747741699e+04
1.262464084847768208e+04
1.075585840129852295e+04
1.203233687527974507e+04
1.165404098097483256e+04
1.025503260008493999e+04
1.089850273736318013e+04
1.058096539751688579e+04
1.103849650446573833e+04
1.209776231034596822e+04
1.046982719453175923e+04
8.730128348986307174e+03
1.109174122333526611e+04
9.892213656743368119e+03
9.945562411626180619e+03
1.106921158123016357e+04
8.423022822380065918e+03
9.538067399660745650e+03
9.501592803637186080e+03
8.991590036074319869e+03
1.151321322727203369e+04
8.665764071146646529e+03
9.942985086441040039e+03
1.066306190872192383e+04
1.073331016445159912e+04
1.093189125696817973e+04
9.484321315765380859e+03
1.147294788424173930e+04
9.932463283856710405e+03
1.048160642782847026e+04
9.947265864690145463e+03
1.096562182712554932e+04
1.053093723869323730e+04
1.048796837202707866e+04
9.651095347404479980e+03
8.925751910845438033e+03
8.644669516563415527e+03
9.300019921938577681e+03
1.146973418013254741e+04
1.196530988216400146e+04
9.766414384206136674e+03
1.096329704920450786e+04
9.677462782859802246e+03
9.602452025731405229e+03
1.169322848129272461e+04
1.075804806073506734e+04
1.057203508440653422e+04
9.540205255190530806e+03
9.177184528032938033e+03
1.134804747835795024e+04
1.011640913581848145e+04
8.986459017753601074e+03
1.086447685718536377e+04
9.405162067095438033e+03
1.050654356543223003e+04
9.986278638521829635e+03
1.180479149818420410e+04
1.012409774939219096e+04
9.655587753613790483e+03
9.958120083808898926e+03
1.180805635261535645e+04
1.039145075607299805e+04
1.166079724502563477e+04
1.083199989604949951e+04
1.175839808273315430e+04
9.825105072975158691e+03
1.219148357677459717e+04
1.135090709177652934e+04
9.490493534723917037e+03
1.026014711093902588e+04
9.696176592191060990e+03
8.392205334027608842e+03
8.097875789324442849e+03
9.979065784772237748e+03
9.159312258084615678e+03
8.465694204330444336e+03
9.508215042432149858e+03
9.470915179252624512e+03
1.007205441157023051e+04
9.982319436391195268e+03
9.895388502756753951e+03
1.109893288962046245e+04
1.214494623343149760e+04
1.314746060721079448e+04
1.340778337446848491e+04
1.119287488619486430e+04
9.790456666628519088e+03
1.160971355279286763e+04
1.067154295126597026e+04
9.595020535469055176e+03
1.055335375849405864e+04
1.010353167565663716e+04
1.052130712477366069e+04
1.029681899770100972e+04
1.046445028336842915e+04
1.007761780611673930e+04
1.273856774552663228e+04
1.126032944520314595e+04
9.392815282821655273e+03
9.703695597966512651e+03
1.076568985017140767e+04
1.130689466540018657e+04
8.200470711072286576e+03
8.057134287198384300e+03
8.388061689376831055e+03
8.840135586738586426e+03
8.794514019012451172e+03
8.203952464421590776e+03
8.431045398076375932e+03
7.195419900258381858e+03
8.173539637565612793e+03
9.472777369499206543e+03
8.143453567504882812e+03
7.541651059150695801e+03
9.363617002805074662e+03
8.249269809087118119e+03
8.431495136578878373e+03
7.247112515767415061e+03
7.594975840568542480e+03
8.151334395090739235e+03
7.443300343513488770e+03
7.784539000511169434e+03
7.702881336212158203e+03
8.648753176053365678e+03
6.981899507522583008e+03
7.911675312678019509e+03
7.702510992368062034e+03
8.000073610305786133e+03
7.900147980372111306e+03
9.113923110644022017e+03
7.035945392926533714e+03
8.126078885714213357e+03
7.295663851102192893e+03
8.928944663047790527e+03
9.455701676686605424e+03
6.838440590222676292e+03
8.706621146837869674e+03
9.127259386698404342e+03
7.405476573944091797e+03
8.302950143178304643e+03
9.437509340286254883e+03
9.065467890739440918e+03
7.618398306528727517e+03
8.785797223726907760e+03
7.724090369860331521e+03
8.139635974566142067e+03
8.176125482877095237e+03
8.166807239850361839e+03
7.970127856890360817e+03
8.760855550130208940e+03
7.763352374076843262e+03
6.959381454467773438e+03
7.789111134211222634e+03
7.101958182970683083e+03
7.424512454668681130e+03
8.858620545069376021e+03
7.150522658665974632e+03
9.162726303418477983e+03
8.266942758878072709e+03
7.365447927474975586e+03
8.105878230412800804e+03
6.873953405380249023e+03
8.719195571899414062e+03
8.463538211504617720e+03
8.435764313697814941e+03
8.955503775278726607e+03
7.714802708307902321e+03
8.322732752482095748e+03
8.623752293586730957e+03
8.425997186660766602e+03
8.223253775596618652e+03
7.674847066243489280e+03
7.394664643605549827e+03
8.478588782628377885e+03
8.047562479019165039e+03
8.553960808753967285e+03
8.038195954322814941e+03
7.430380693117777810e+03
7.854663668314616189e+03
7.523404595057169900e+03
8.248251482645669967e+03
6.980863905270894065e+03
7.701934946695963845e+03
7.197095065434773460e+03
7.830888158162434593e+03
7.995366861025492653e+03
6.911381725629170433e+03
7.796862182935078636e+03
9.121469759305318803e+03
7.500087813377380371e+03
8.002276622136433616e+03
8.526322803815206498e+03
9.552654181480407715e+03
8.132714711507161155e+03
8.316085822423299760e+03
8.138161986668904319e+03
8.716469656944274902e+03
8.433750596046447754e+03
7.738804636955261230e+03
8.396807142257690430e+03
8.596675862312316895e+03
8.238639027277627974e+03
7.227143789291381836e+03
5.376902373313903809e+03
6.820024345080058083e+03
8.305285247802734375e+03
7.519605937004089355e+03
6.434242837905883789e+03
6.317701678276062012e+03
6.072496359189351097e+03
6.220339213689167991e+03
6.469504889806111350e+03
5.869835913340250954e+03
6.629031373341877952e+03
5.823282367070515647e+03
6.194714951833088890e+03
5.919065157890319824e+03
5.320270484288533225e+03
5.637855312665303245e+03
7.623680472373962402e+03
6.234411661465962425e+03
6.422432078997294411e+03
5.944917106310526833e+03
6.829968973795573220e+03
6.471917442957560525e+03
6.654954671223958030e+03
6.692641341527302757e+03
6.927781103769938454e+03
5.883092947324116722e+03
5.862854350407917991e+03
7.501508272171020508e+03
7.519445831934611306e+03
5.986726167678833008e+03
6.378286383628845215e+03
5.737263183275858864e+03
6.507665031433105469e+03
5.968332020441691384e+03
5.283221317927042946e+03
6.032551333427429199e+03
6.533516838073730469e+03
6.071416858355204567e+03
6.649521409988403320e+03
7.223001507123311058e+03
7.020897317886352539e+03
7.335043003400166526e+03
6.417794047355651855e+03
6.420620372772216797e+03
6.641236571311950684e+03
6.307660105705261230e+03
6.406480001131693825e+03
6.435625290234883323e+03
6.765985758145649925e+03
5.665404004732768044e+03
5.784685371081034646e+03
6.990393752415974632e+03
6.793232033729553223e+03
6.265736142476399436e+03
5.846104010264079079e+03
7.030279856046040550e+03
7.458808351516723633e+03
6.604102113405863747e+03
7.316814853032429710e+03
6.833731710433959961e+03
6.414457117398579612e+03
6.460781034151713357e+03
6.540753307660420433e+03
6.539869337399800315e+03
6.169029963175456032e+03
6.351617474873860374e+03
6.735694671630859375e+03
5.610763465245564475e+03
5.426315698941548362e+03
6.494348345120747581e+03
5.514830532073974609e+03
7.243250569025675759e+03
6.905377489089965820e+03
6.832504788716633811e+03
6.982681107521057129e+03
6.464816616694132790e+03
7.243303655624389648e+03
6.129517678578694358e+03
6.483706499735514626e+03
6.189301627794901833e+03
6.622900837580363259e+03
6.841956865628560081e+03
6.165582806269328103e+03
5.680404221852620140e+03
5.541379770914713845e+03
7.649018669764201150e+03
6.292700487454731956e+03
6.730350731849670410e+03
6.043044397354125977e+03
6.037386669158935547e+03
6.591963345527648926e+03
6.146877289454142556e+03
6.673475451151530251e+03
6.569064867655436501e+03
5.959367748578389183e+03
5.953383028030395508e+03
5.718104145050048828e+03
5.969076461156209007e+03
7.103835384368896484e+03
5.547342582702636719e+03
4.790934674263000488e+03
5.977486605008442893e+03
5.718151426315307617e+03
6.079992199897766113e+03
5.403546959559123025e+03
5.133180368741353050e+03
5.740804076830546364e+03
5.467253803888957009e+03
5.376478752772013650e+03
5.408475502332051292e+03
5.344411255518595681e+03
4.970996388435363770e+03
5.346780778884887695e+03
5.633411343256632790e+03
5.208274185180664062e+03
4.752054839452107444e+03
6.251447237968444824e+03
4.594420921961466775e+03
3.883635939280191906e+03
4.564967171351115212e+03
4.864720815340678200e+03
4.329064208666483864e+03
4.757141214052836403e+03
4.133598782221476540e+03
4.580616734822590843e+03
4.365098885218302712e+03
4.424179588635762229e+03
4.734902874310811058e+03
4.519892954508463845e+03
5.174185513178507790e+03
5.332167872111002907e+03
6.733994605382283225e+03
5.843907504081726074e+03
4.311467679341633811e+03
5.150294416109721169e+03
5.287316961288452148e+03
5.265498479207356468e+03
5.960931018829345703e+03
6.180203245480855003e+03
5.104474257469177246e+03
4.948381181716918945e+03
5.790822621345520020e+03
4.653272291183471680e+03
4.861894246419270530e+03
4.553002046902974143e+03
4.352844919840495095e+03
4.687593653996785179e+03
4.366569055557250977e+03
4.589321548144022927e+03
4.725750682195027366e+03
5.577747234662373558e+03
4.435943814913432107e+03
4.377091149330139160e+03
4.777011857032775879e+03
5.313459618886311546e+03
4.637770145098368630e+03
4.632401213010151878e+03
4.603865578015645042e+03
5.154967271486918435e+03
5.479630712827046409e+03
5.422754940032958984e+03
4.883475488026936546e+03
4.770274297078450218e+03
4.850147298494975075e+03
5.232511926651000977e+03
4.694737264951069847e+03
4.877212887128193870e+03
5.368909935315449729e+03
6.676717083295186058e+03
5.272632559776306152e+03
4.975525305747985840e+03
5.211316155433654785e+03
4.813905721028645530e+03
5.192069578488667503e+03
5.346095341682434082e+03
4.960432259559631348e+03
4.709679900805155739e+03
4.565107897122700706e+03
4.751326007843017578e+03
5.264819438616435036e+03
5.227335581461588845e+03
4.812601033528645530e+03
5.224317747751872048e+03
4.604967964490254417e+03
5.271789801915486350e+03
5.207190153439839378e+03
4.714734316825866699e+03
5.308615614891052246e+03
5.026207692464192405e+03
5.294341162363688454e+03
4.777204915046691895e+03
4.872108063379923806e+03
4.741610845565795898e+03
5.150798779169718728e+03
5.489002102533976540e+03
4.947903947830200195e+03
4.820333060582478538e+03
4.676648889541625977e+03
4.967096089998881325e+03
4.226978874842326150e+03
4.090087858200073242e+03
3.806069775899251454e+03
4.074284599622090809e+03
3.970326890627542980e+03
4.145735825856526390e+03
3.824976698557535656e+03
3.514604787190755360e+03
3.800860297520955555e+03
3.506154987970987804e+03
3.271354294141133778e+03
3.670743033091227062e+03
3.981818569501241200e+03
4.342556781768798828e+03
3.860830737749735363e+03
3.754138818740844727e+03
3.878902133623758800e+03
3.687713193893432617e+03
3.995079467773437500e+03
4.032173161824544422e+03
4.496215360323588357e+03
3.951270190874735363e+03
3.805276816685994618e+03
3.716294649442037098e+03
3.677876026789347179e+03
3.471567887624104969e+03
4.092105752309163563e+03
3.759046783129374035e+03
3.887530900637308605e+03
3.681516035397847645e+03
4.152404286066691384e+03
4.476199387868245140e+03
4.177179035186767578e+03
4.515870368639628396e+03
3.864184864044189453e+03
4.538205454826354980e+03
4.998519111633300781e+03
4.297632234573364258e+03
3.679198207219441883e+03
3.858694694201151378e+03
3.778871630668640137e+03
3.724237612406412609e+03
4.030999423344930165e+03
3.494847970326741688e+03
3.826559787432352550e+03
3.131430816332499035e+03
3.742658162434895985e+03
4.458052418708801270e+03
3.855573257128397472e+03
4.417388389269511208e+03
3.578937457084655762e+03
4.517004663467407227e+03
4.176689736048380837e+03
4.772559257189433083e+03
5.299002072334289551e+03
4.507396892547607422e+03
3.817682998657226562e+03
4.484224826812744141e+03
3.931069799105326183e+03
3.663798951784769542e+03
3.376737618764241688e+03
4.538345368067423806e+03
3.910868505477905273e+03
3.626980244000752919e+03
3.674995806058248036e+03
3.895471995989481456e+03
4.285955629984538064e+03
4.239345476786295876e+03
5.534037329355875954e+03
4.071404126803080089e+03
3.965842370351155751e+03
4.559300280570983887e+03
4.254255012830098167e+03
4.056016741116841786e+03
3.668095813115437977e+03
3.926597345352172852e+03
3.753485557874043934e+03
3.594576281229654796e+03
3.669530427932739258e+03
3.915614978790283203e+03
3.607008175214131825e+03
3.542944155057271473e+03
3.722859723409017079e+03
3.638262179692586415e+03
3.520373812357584484e+03
3.790133067131042480e+03
3.713847499211629383e+03
3.811835122108459473e+03
3.490571773211161144e+03
3.931742389996846669e+03
3.310367282867431641e+03
4.166586963971455589e+03
3.516636195500691883e+03
3.803535941123962402e+03
3.303489656448364258e+03
3.897101215044657238e+03
4.241933051745097146e+03
3.381902645746866710e+03
3.396239439010620117e+03
3.930653052965799816e+03
3.817611707051595204e+03
2.922920758247375488e+03
3.075465200106302746e+03
3.236109537442525379e+03
2.984478409767150879e+03
3.007806010246276855e+03
3.067893087069193371e+03
3.018827814737955578e+03
3.466043476104736328e+03
3.249298932075500488e+03
2.962531261126200206e+03
3.196207057952880859e+03
2.869364649454752453e+03
2.849851662635803223e+03
3.615939963340759277e+03
3.399079007148742676e+03
2.852314039548238270e+03
2.786100056648254395e+03
3.160997167269388683e+03
2.573368422190348156e+03
2.846437083244323730e+03
2.738779474258422852e+03
3.387443547248840332e+03
3.015656330744425304e+03
2.985702012379964344e+03
3.101791410764058583e+03
3.726201606750488281e+03
2.944085541089375965e+03
3.057309175491333008e+03
3.042862870216369629e+03
3.205560045878092296e+03
3.040231258710225575e+03
2.972128167152404785e+03
2.991719858487447254e+03
3.163987735430399425e+03
4.251160009702046409e+03
3.353756317456563465e+03
3.454152457555135243e+03
2.689663360595703125e+03
2.884512862523396961e+03
2.935387815157572277e+03
2.817486911137898915e+03
2.765629548390706532e+03
3.441413855870564930e+03
3.864359311739603527e+03
3.216791977882385254e+03
3.126792666117350109e+03
3.007692159334818371e+03
3.563215533892313488e+03
3.611034751574198253e+03
3.367268287022908680e+03
2.752113484700520985e+03
3.202193997383117676e+03
3.535620711644490711e+03
3.322005526224771984e+03
2.914000164985656738e+03
2.973225049654642589e+03
3.420503123919168956e+03
3.740829786300659180e+03
3.018450417836507313e+03
2.809714630762735851e+03
3.030558268229166515e+03
2.909414061864217274e+03
3.650870539347330578e+03
3.033409826596578114e+03
3.699246420542398937e+03
3.031540388425191395e+03
2.943046078046163075e+03
3.094910019238790028e+03
2.961705290476480968e+03
3.210542427062988281e+03
3.365250310579935558e+03
2.700582498232523449e+03
2.867299269676208496e+03
2.944621463139852040e+03
3.091778124173482411e+03
2.943276585896810047e+03
3.122888065973917492e+03
3.365874943097432606e+03
3.027528045654296875e+03
3.254101731300354004e+03
3.543460062026977539e+03
2.649778843561808117e+03
2.984750994364420421e+03
2.864391925493875988e+03
2.838891071001688488e+03
2.604655962626139171e+03
2.695726572036743164e+03
2.855283858935038097e+03
2.959421360015869141e+03
2.917994982083638661e+03
3.524059355735778809e+03
3.321179595311482899e+03
3.014676216761271007e+03
3.019650644302368164e+03
3.268485786120096691e+03
3.081591198285420887e+03
3.116486316998799794e+03
3.113202690124511719e+03
2.645889408429463856e+03
2.772731051127115734e+03
2.481506206194559581e+03
2.544805994033813477e+03
2.279923256556192882e+03
2.497829559961954601e+03
2.256909616788228504e+03
2.564432913462320812e+03
2.609478796641031749e+03
2.434449905077616222e+03
2.712470092137654774e+03
2.590432332674662121e+03
2.311572513262430675e+03
2.292300487200418956e+03
2.844560400009155273e+03
2.525559363683064930e+03
2.645768551508585460e+03
2.703909924189249523e+03
2.567792899449666493e+03
2.563967873891194813e+03
2.586707320213317871e+03
2.655772230466207020e+03
2.575183369636535645e+03
2.856363096872965343e+03
2.679600376447041981e+03
2.161153649965921886e+03
2.518378501574198253e+03
2.442456807772318371e+03
2.517335116704305165e+03
2.526723962465921886e+03
2.283480811754862316e+03
2.478927530606587879e+03
2.453581079800923817e+03
2.408758974711100109e+03
2.540010794003804676e+03
2.518674746831258290e+03
2.613540729204813488e+03
2.553153448104858398e+03
2.643020604769388683e+03
3.023260425249735363e+03
2.528251612027486317e+03
3.046305364608764648e+03
2.688928634961446278e+03
2.426405137379964344e+03
2.448056946118672840e+03
2.313449724515279286e+03
2.411078963915506847e+03
2.876353256861368664e+03
2.245602896690368652e+03
2.603313603401184082e+03
3.062857415835062511e+03
2.852069299697875977e+03
2.806249326388041027e+03
2.612857732772827148e+03
3.174804849306742199e+03
2.707589609146118164e+03
2.662802144368489735e+03
2.897834458669026844e+03
2.720097854932149403e+03
2.841906540552774914e+03
2.580724521001180165e+03
2.408834348996480458e+03
2.640510008494059093e+03
2.348509570439656727e+03
2.464603211402893066e+03
2.705152490297953136e+03
2.440842593193054199e+03
2.286908529917398937e+03
2.478728161176045887e+03
2.291650825182596691e+03
2.435514359156290539e+03
2.699870313008626454e+03
2.334932500203450672e+03
2.857180785179138184e+03
2.660469776153564453e+03
2.723608832677205555e+03
2.304126900672912598e+03
2.497048245429992676e+03
2.573868706067403309e+03
2.413373851776123047e+03
2.721502628008524425e+03
2.648105912208557129e+03
2.416200675646463878e+03
2.555522720336914062e+03
2.701491330782572277e+03
2.402620417912801258e+03
2.401652983665466309e+03
2.670743325551351063e+03
2.331654257774353027e+03
2.385935196240743153e+03
2.233994760195414074e+03
2.774925753593444824e+03
2.735336878458658703e+03
2.690347833633422852e+03
2.685873252868652344e+03
2.524668325106302746e+03
2.433015747070312500e+03
2.614883196512857921e+03
3.123780337969461925e+03
2.748568302790323742e+03
2.707138920783996582e+03
1.188292285283406500e+03
1.035061422030131098e+03
1.065422227859497070e+03
1.043680545488993403e+03
1.051315365791320801e+03
1.175240122159322027e+03
1.054205564498901367e+03
1.235272841135660883e+03
1.184665347417195562e+03
1.091965832074483160e+03
1.259004911740620855e+03
1.085419564247131348e+03
1.193824079195658442e+03
1.177488374710083008e+03
1.111094891230265375e+03
1.136560295740763422e+03
1.081403656323750738e+03
1.122062392552693609e+03
1.114036182403564453e+03
1.013435528755187988e+03
1.051633056004842047e+03
1.143494064013163324e+03
1.000225106557210324e+03
1.032684306144714355e+03
1.106429478009541754e+03
1.126436969439188715e+03
9.931927445729573947e+02
1.178796158154805426e+03
1.024938609123229980e+03
1.110619761466979980e+03
1.054778506278991699e+03
1.034769741376240972e+03
1.051884522755940679e+03
1.233751957893371582e+03
1.113284181594848633e+03
1.069911964734395269e+03
1.192687968254089355e+03
1.113548396110534668e+03
1.192145043373107910e+03
1.037157473882039312e+03
1.161037818908691406e+03
1.225574803988138910e+03
1.043321386973063227e+03
1.170477980931599859e+03
1.277613077163696289e+03
1.203652556101481196e+03
1.122019575754801508e+03
1.123499455451965332e+03
1.174969972610473633e+03
1.251569954872131348e+03
1.137452312787373785e+03
1.089515144348144531e+03
1.148014613469441656e+03
1.151174113591511968e+03
1.149050809542338129e+03
1.123823970794677734e+03
1.206996942202250239e+03
1.143644667943318609e+03
1.092463800112406489e+03
1.053455376942952398e+03
1.255506687800089594e+03
1.122953285535176519e+03
1.143256104787190679e+03
1.114055699030558344e+03
1.146732581456502203e+03
1.197119916598002192e+03
1.052512447675069097e+03
1.144165520350138422e+03
1.098470014572143555e+03
1.093415351549784418e+03
1.074286366462707520e+03
1.082697553634643555e+03
1.087106177330017090e+03
1.137024233182271246e+03
1.141634262084960938e+03
1.018594894727071164e+03
1.143285241444905523e+03
1.110731500943501715e+03
1.184796410242716547e+03
1.211633490562438965e+03
1.165562347412109375e+03
1.056844248453776117e+03
1.140422615369160894e+03
1.306649883588155035e+03
1.306774228413899664e+03
1.117897910753885981e+03
1.130478536923726324e+03
1.103070532480875727e+03
1.299651353518168207e+03
1.232519682248433355e+03
1.299719103813171387e+03
1.142904299418131586e+03
1.078912609100341797e+03
1.074425776163737055e+03
1.208976410865783691e+03
9.899314228693643827e+02
1.236883818308512446e+03
1.111765090942382812e+03
1.249775260925292969e+03
1.190061984062194824e+03
9.792660528818765897e+02
1.051873698234558105e+03
1.087371973355611090e+03
9.716322005589803439e+02
1.061342680613199946e+03
1.090186090787251715e+03
9.327476119995117188e+02
9.948450915018717069e+02
1.009381984710693359e+03
1.045922977129618403e+03
1.015139898935953738e+03
1.058189519882202148e+03
1.097484342892964605e+03
1.129160429636637446e+03
9.343485218683878202e+02
9.436623907089233398e+02
1.063130223274230957e+03
9.355312557220458984e+02
1.012821698506673215e+03
9.826472787857055664e+02
1.029620605468750000e+03
9.972341438929239530e+02
9.819645709991455078e+02
1.046777590433756586e+03
9.875653050740560275e+02
1.022865238189697266e+03
9.832987194061279297e+02
1.027717868487040278e+03
1.053488276481628418e+03
9.922209930419921875e+02
1.116594139734904047e+03
9.975573348999023438e+02
1.029380768140156988e+03
1.083879038174947027e+03
1.036997996012369867e+03
1.062797665913899664e+03
9.729918794631958008e+02
1.045794000625610352e+03
1.014713168144226074e+03
9.953444468180338163e+02
1.066712547620137457e+03
1.074443146069844488e+03
1.056690450668334961e+03
1.015390409151713015e+03
1.011677025794982910e+03
1.054645656267801996e+03
1.067641510327656988e+03
1.148969277064005610e+03
1.028942650159199957e+03
9.984786367416381836e+02
1.054147628784179688e+03
9.945378796259561796e+02
1.080312631289164301e+03
1.028312456766764399e+03
1.088332043011983160e+03
9.562829338709512967e+02
1.108068064689636230e+03
1.085128170649210688e+03
1.035469428062438965e+03
9.923919223149617892e+02
1.029508833885192871e+03
1.037639152844746832e+03
9.574923419952392578e+02
1.063613568941752192e+03
1.020232887268066406e+03
1.021712250391642215e+03
9.855784196853637695e+02
9.746652752558389921e+02
1.028850978215535406e+03
1.059477731068928961e+03
1.083792258898417231e+03
1.034768490155537847e+03
9.909840612411499023e+02
9.841695429484049100e+02
1.020441088676452637e+03
1.029136360486348394e+03
1.099896670341491699e+03
1.035234868049621582e+03
1.086080674807230707e+03
9.608274119695028048e+02
1.067267978668212891e+03
1.001560857137044309e+03
9.663803666432698947e+02
1.062785903930664062e+03
1.025696894963582281e+03
1.003176849365234375e+03
1.026347784678141352e+03
1.033079514821370367e+03
1.061975214004516602e+03
9.916113901138305664e+02
1.037223856925964355e+03
9.906137193044027072e+02
1.076231962203979492e+03
1.037495185216267828e+03
1.006479722023010254e+03
1.083504050254821777e+03
1.079274515151977539e+03
1.013318487803141238e+03
1.008941278139750125e+03
1.050753636995951410e+03
1.023857345263163211e+03
9.770162506103515625e+02
9.806990276972452421e+02
9.950919752120971680e+02
1.050993266741434809e+03
1.003343992869059207e+03
9.575501050949096680e+02
1.062298507054646734e+03
9.649068514506021756e+02
1.025111697196960449e+03
9.712618153889974337e+02
1.007988810539245605e+03
9.561940593719482422e+02
9.379588082631429415e+02
9.938260981241861600e+02
1.104142645835876465e+03
1.018957841873168945e+03
1.002796105702718137e+03
1.038162351290385004e+03
9.777150707244873047e+02
1.077216965357462641e+03
9.539680595397949219e+02
1.024095662752787348e+03
1.029741189956665039e+03
9.318848867416381836e+02
9.713767957687377930e+02
9.675783987045288086e+02
1.113308948516845703e+03
1.021042130788167356e+03
9.803170944849649686e+02
9.097578449249267578e+02
9.691941919326782227e+02
1.043750322024027582e+03
1.031906414031982422e+03
1.088837369600931879e+03
1.013494220415751101e+03
9.925622145334879178e+02
9.524487435022989530e+02
1.005143460273742676e+03
9.732279949188232422e+02
1.069502154350280762e+03
9.900183677673339844e+02
9.838368422190347928e+02
1.034709943453470942e+03
1.023799778620401980e+03
1.044187350273132324e+03
1.102178556442260742e+03
9.027519585291544217e+02
1.042757902781168696e+03
9.671647504170736056e+02
9.987377262115478516e+02
1.035342044194539312e+03
1.035637962977091547e+03
1.039756448427836176e+03
1.006304229100545285e+03
1.039014566739400152e+03
1.056771180152893066e+03
1.022554279645284055e+03
1.001472099939982058e+03
9.989493373235067111e+02
1.048357763290405273e+03
1.081745412508646723e+03
9.792643903096517306e+02
1.100561901728312250e+03
1.003894235610961914e+03
9.842040993372598905e+02
9.788280426661173124e+02
1.035766249338785883e+03
1.016504176139831543e+03
9.702029488881429415e+02
1.013379351933797238e+03
1.062225923220316645e+03
1.054496246337890625e+03
1.013960735321044922e+03
9.412650896708170194e+02
9.055300238927205783e+02
9.887782300313314181e+02
9.569605248769124728e+02
9.456326147715250272e+02
9.330975014368692655e+02
9.863426294326782227e+02
1.052436620394388910e+03
1.035400018374125239e+03
9.162405420939127225e+02
1.003741175015767453e+03
1.033718441645304438e+03
1.011352877298990848e+03
9.647825628916422147e+02
9.564356803894042969e+02
9.568927920659383517e+02
9.857619803746541720e+02
1.004837140083312988e+03
9.797300364176431913e+02
9.241325260798136014e+02
9.831325060526529569e+02
9.357669982910156250e+02
1.071923811594645258e+03
9.096814546585083008e+02
1.084698913892110113e+03
9.100733566284179688e+02
1.053681031227111816e+03
1.042832664171854731e+03
9.164262247085571289e+02
1.017848921140035031e+03
9.509316984812418241e+02
1.040947443326314215e+03
9.558797251383463163e+02
9.850625422795613986e+02
1.033676624615987066e+03
1.100858537673950195e+03
9.308716198603311796e+02
1.049613231341044184e+03
1.087712709426879883e+03
9.537211160659790039e+02
9.844842631022135038e+02
9.400894842147827148e+02
1.004504773139953613e+03
9.670562451680501681e+02
9.856991812388101835e+02
9.834421370824178439e+02
1.031350572903950933e+03
9.411766802469888944e+02
9.333624248504638672e+02
1.014469992001851438e+03
9.842500489552816134e+02
1.071721320788065668e+03
1.003057357788085938e+03
9.590415369669595975e+02
9.882936175664266329e+02
9.965889352162679415e+02
9.436800435384114962e+02
1.090046554565429688e+03
9.853084723154703397e+02
9.266875457763671875e+02
1.029398883501688715e+03
9.112836920420328397e+02
1.071868903795878168e+03
9.857972691853841525e+02
9.592713537216186523e+02
1.033428513844807867e+03
1.048626186370849609e+03
9.191731993357340116e+02
1.034902444521586176e+03
9.334900878270467501e+02
9.348740841547647733e+02
8.933726943333944064e+02
1.043792524655659918e+03
1.108977547327677485e+03
1.065371445655822754e+03
9.796079012552896756e+02
9.526103274027506131e+02
9.498748846054077148e+02
1.028660502115885492e+03
1.018616582234700559e+03
1.029443037033081055e+03
1.030687586148579840e+03
1.011112228075663211e+03
9.539999996821085233e+02
9.566636050542196017e+02
9.532661142349243164e+02
9.837074343363443631e+02
1.041677473704020258e+03
9.172084347407022733e+02
9.479725297292073947e+02
9.634109875361124296e+02
9.905413446426391602e+02
9.254495957692464572e+02
9.795603179931640625e+02
1.015026559829711914e+03
1.062713805198669434e+03
1.043766003608703613e+03
1.000334405263265012e+03
1.058366694132487055e+03
9.836005055109659452e+02
9.264895728429158908e+02
9.393078975677490234e+02
9.497548284530639648e+02
9.407613681157430392e+02
9.615223693847656250e+02
9.647909088134765625e+02
9.783503389358520508e+02
9.918093093236287814e+02
1.063193567911783930e+03
9.689307009379068631e+02
1.043856056213378906e+03
1.038292101224263433e+03
1.024689862251281738e+03
1.048779037793477301e+03
1.054458370526631597e+03
1.095150317192077637e+03
1.034820223808288574e+03
1.000457528750101687e+03
1.030212816874186274e+03
1.059318383852640864e+03
1.004911595662434934e+03
1.013715613365173340e+03
1.006370092709859250e+03
9.592487672170003634e+02
1.093931036313374761e+03
1.083736560185750250e+03
