1.832503927049636841e+05
1.798108565073013306e+05
1.947484313116073608e+05
2.151674221817652287e+05
2.286888535750707088e+05
2.046833556861877441e+05
2.113097951196034846e+05
1.923006300490697322e+05
1.938851438910166326e+05
2.071455217510859075e+05
2.228428987414042058e+05
2.423107117020289006e+05
1.726631343504587712e+05
1.983176909891764226e+05
2.063442975896199641e+05
2.165603816334406438e+05
1.839864830586115422e+05
2.165691290314992366e+05
1.995529356673558650e+05
2.128947337150573730e+05
2.103981463403701782e+05
1.897760128475824895e+05
1.979201745939254761e+05
2.154515325047174993e+05
1.775291832520166936e+05
1.773675130453109741e+05
2.140057030143737793e+05
1.959692522242864070e+05
1.882935918690363469e+05
2.027204347696304321e+05
1.951562461341222224e+05
2.293713958740234375e+05
1.931031343758901057e+05
2.049083948154449463e+05
2.226449307813644409e+05
2.186238401403427124e+05
2.234985320456822810e+05
1.843506685037612915e+05
2.147071784089406428e+05
2.407246607713699341e+05
1.837265679725011287e+05
2.161715442819595337e+05
2.244642297296524048e+05
2.417984793380101619e+05
2.171509705813725886e+05
2.072915710083643498e+05
2.156947856340408325e+05
1.874013374265035091e+05
2.290122088181177678e+05
2.079262756732304988e+05
2.184756764968236384e+05
2.303770382239023747e+05
1.956584008394877019e+05
2.419745741484960017e+05
2.250408529755274358e+05
2.141609301589330134e+05
2.314081297140121460e+05
2.312806262763341365e+05
1.929831659151712956e+05
1.902334468332926335e+05
2.264756487779617310e+05
1.858888358484903874e+05
2.411829380531311035e+05
2.045809183063507080e+05
1.834317439769109187e+05
2.265913062111536565e+05
2.184266020870208740e+05
1.874518247725168767e+05
1.921403070383071899e+05
1.998614014978408813e+05
2.398714111175537109e+05
2.002442092898686824e+05
2.059205233523050847e+05
2.040980191179911199e+05
1.918670840784708562e+05
2.202925917100906372e+05
1.855203183832168579e+05
2.084488254006703792e+05
2.121922385768890381e+05
2.192994708417256770e+05
1.857634585746129451e+05
2.211775978571573796e+05
1.872058390954335628e+05
1.900481087395350041e+05
2.202528280280431209e+05
2.243117038516998291e+05
2.146649813629786076e+05
2.233278412186304631e+05
1.880841308205922542e+05
2.209128282486597600e+05
2.209812427946726384e+05
2.169034260752995906e+05
2.020433122774759831e+05
1.822860716524124146e+05
2.034119091946283879e+05
1.985930685284932551e+05
2.007997059949239192e+05
1.980577115532557073e+05
1.690363799988428655e+05
1.687703959496816096e+05
2.770118089208602905e+05
2.789367138353983755e+05
2.779419855241775513e+05
2.701671072003046866e+05
2.409029639412561955e+05
2.891307957255045767e+05
2.538949244273503718e+05
3.114215242980321054e+05
2.912504672632217407e+05
2.995694875132243033e+05
3.007367454617818003e+05
2.899689625902175903e+05
2.623938658110300894e+05
2.806934557476043701e+05
2.243547741829554143e+05
2.274623121534983220e+05
2.713078944272994995e+05
2.666229222230911255e+05
2.852107401110331411e+05
2.702792835321426392e+05
2.494564727961222234e+05
2.411694901005426946e+05
2.944710174153645639e+05
2.790154138224919443e+05
2.490810510714848933e+05
2.679278770984013681e+05
2.502134518480300903e+05
2.559852063115437923e+05
2.562589126110076904e+05
2.534848303267160954e+05
2.496803309993743896e+05
2.874585897696812754e+05
2.442917116177876887e+05
2.176686197929382324e+05
2.659218018960952759e+05
2.496207396593093872e+05
2.724023957052230835e+05
2.573277394332885742e+05
2.622445467519760132e+05
2.825618534094492788e+05
2.558936209274927678e+05
2.996099435920715332e+05
2.924505215930938721e+05
2.451665025488535466e+05
2.698953233305613394e+05
2.858066055707931519e+05
2.573391899833679199e+05
2.590423719145456853e+05
2.673076056998570566e+05
2.544293107938766479e+05
2.510787715206146240e+05
2.512285203243891301e+05
2.790477251288096304e+05
3.008890676854451303e+05
2.558932543118794856e+05
2.816353192335764761e+05
2.258232217184702458e+05
2.247114142821629939e+05
2.578647060257593694e+05
2.351603639240264893e+05
2.128187490593592229e+05
2.495310017274220882e+05
2.201043224153518677e+05
2.095691648273468018e+05
2.419381401179631648e+05
2.330953371127446590e+05
2.367784388182958064e+05
2.558236004746755061e+05
2.466831689100265503e+05
2.439092205349604192e+05
2.055499817479451594e+05
2.456517294451395574e+05
2.654132632226943970e+05
2.764589871670405264e+05
2.414163801733652654e+05
2.722544352461497183e+05
2.339119495061238704e+05
2.704653351653416757e+05
2.910901259848276968e+05
2.481369823293685913e+05
2.834842970170974731e+05
2.755131311155955191e+05
2.648171000315348501e+05
2.938854946848551626e+05
2.427985607293446956e+05
2.714901090882619028e+05
2.736381584491729736e+05
2.582437744404474797e+05
2.251750471591949463e+05
2.374553614584604802e+05
2.475618800881703792e+05
2.476533536860148015e+05
2.398082765916188655e+05
2.525335143947601318e+05
2.487237580909729004e+05
2.535435875549316406e+05
2.905933891661961679e+05
2.675261239887873526e+05
2.800066525144577026e+05
2.642073977108001709e+05
3.201979421501159668e+05
2.894068190965652466e+05
3.116633003412882681e+05
3.473457541414896841e+05
2.831861376460393076e+05
2.972540613667170401e+05
2.973280077530543203e+05
2.772370119088490610e+05
3.015311902430852060e+05
3.235912538356781006e+05
3.440403271325429087e+05
3.014535053793589468e+05
2.876826766583124991e+05
2.639734301948547363e+05
3.214364822266896372e+05
2.769688460470835562e+05
2.882320897235870361e+05
2.553603907451629639e+05
2.921261644531885977e+05
3.117329227905273438e+05
2.797299762175877695e+05
2.976523586244583130e+05
3.016154249181747437e+05
3.685600898491541739e+05
3.062401450500488281e+05
2.920289547284443979e+05
3.203145426864624023e+05
2.936919467471440439e+05
3.066583483705520630e+05
2.931740337394078379e+05
3.241726629212697153e+05
2.692200528904597159e+05
2.858639570420582895e+05
3.224952479362487793e+05
3.029345545981724863e+05
3.027658010657628183e+05
3.498104204737345572e+05
2.775564673144022818e+05
3.316990930341084604e+05
3.156729600439071655e+05
3.238226568552653189e+05
2.695099407428105478e+05
3.275563762798309326e+05
2.673319946511586313e+05
2.800030453313191538e+05
3.015207983942031860e+05
3.216997275044123526e+05
2.719372762362162466e+05
2.994909492321014404e+05
2.730985201155344839e+05
2.733644845170974731e+05
2.939860128246943350e+05
2.642373302377064829e+05
3.155336119454701548e+05
2.958298846203486319e+05
3.093743127819697256e+05
2.590802554620107112e+05
3.051694918867747183e+05
2.698273323224385385e+05
3.092873914524714346e+05
2.684165455869038706e+05
3.051868290704091196e+05
3.060342836945851450e+05
3.155035898434321280e+05
3.177875143264134531e+05
2.812218075348536368e+05
3.263372408974965219e+05
3.070727428735097055e+05
2.673866330842971802e+05
3.310481641139984131e+05
2.921016395606994629e+05
3.558988693106969004e+05
3.095514877850214834e+05
3.009901860510508413e+05
2.721113150367736816e+05
2.739022820564905996e+05
2.880838727715809946e+05
2.574988028291066585e+05
2.751445838543574209e+05
2.839485060192744131e+05
2.868971175899505615e+05
2.939174517885844107e+05
3.432018612581889029e+05
2.934614112726847525e+05
2.944078215815226431e+05
2.806682311255137320e+05
2.862039077167510986e+05
2.932463261467615957e+05
2.992029826765060425e+05
3.310809304472605581e+05
3.055099372434616089e+05
3.184395877567927237e+05
2.810733363221486215e+05
3.292504449513753061e+05
3.101587704442341928e+05
3.297132048193613882e+05
2.797930662825902109e+05
3.019945547555287485e+05
2.792756050135294790e+05
2.845605275538762216e+05
3.614897919883728027e+05
3.606620854031245108e+05
4.125961994921366568e+05
3.326236282024383545e+05
3.457522028503417969e+05
3.502177451308568125e+05
3.128840025091171265e+05
3.771695032924016123e+05
3.407544664567311411e+05
2.760162672322590952e+05
3.752533204542796011e+05
3.043270996910731192e+05
3.161447579695383902e+05
3.452891912810007925e+05
3.666546512142817373e+05
3.324229129145939951e+05
3.392356581700642710e+05
3.232503532101313467e+05
3.609596675752003794e+05
3.220989073816935415e+05
3.544295321811040048e+05
3.810312850341796875e+05
3.608251074393590097e+05
3.325299068190256949e+05
3.222176460167567129e+05
3.858749386981328134e+05
3.592051495097478037e+05
3.254138717473347788e+05
3.110197099301020498e+05
3.320281144533157349e+05
3.604633875115712290e+05
3.528243972568511963e+05
4.139139991470972891e+05
3.590548214130401611e+05
3.943741806697845459e+05
3.926355256261825562e+05
3.442392215731938486e+05
3.870918610045115347e+05
3.596718394241333008e+05
3.329950747245152597e+05
3.461140539865493774e+05
3.210384313615162973e+05
3.579034578472773428e+05
3.538794354492823477e+05
3.145298701229095459e+05
3.545214182895024423e+05
3.449636709369023447e+05
3.567331867570877075e+05
2.892551566273371573e+05
3.548751624781290884e+05
3.597675975332260132e+05
3.293970163523356314e+05
3.123493837865193491e+05
3.645246148455937509e+05
3.492250484498341684e+05
3.285887695229848032e+05
3.709757149740855093e+05
3.671087317301432486e+05
3.175682962678273325e+05
3.277048523047764902e+05
3.077519638579686289e+05
3.195815891542434692e+05
3.155578421376546030e+05
3.233232864913940430e+05
2.797313550453186035e+05
3.449340601714451914e+05
3.163882758989334106e+05
3.157766929473876953e+05
3.419854689741134644e+05
3.394334591890971060e+05
2.803648441778818960e+05
3.140054553877512808e+05
2.919788214699427481e+05
3.393847100811004639e+05
3.614460356429417734e+05
3.586242513596217032e+05
3.293633944781621103e+05
3.755746030521392822e+05
3.761120762790043955e+05
3.781584833173751831e+05
3.716095183639526367e+05
3.986022033468882437e+05
3.674512641312281485e+05
3.322738028917312622e+05
3.663527499882380362e+05
3.554855807298024301e+05
3.674367637103398447e+05
3.498532929236094351e+05
3.313174140199025278e+05
3.427160445439020987e+05
3.644478509292602539e+05
4.052325435174306040e+05
3.571474676567713614e+05
3.727821658121744986e+05
3.149028439639409189e+05
3.534833573802312021e+05
3.680454163624445791e+05
2.985580905679066782e+05
3.662900974655151367e+05
3.657451258376439218e+05
4.216724912974039908e+05
3.841130432373682852e+05
3.608377402617136831e+05
3.834627603413264151e+05
3.786792839956283569e+05
3.668138701546986704e+05
3.929156272900899057e+05
3.700103131529490347e+05
3.655324672686259146e+05
3.910227426754633780e+05
3.984082365016937256e+05
3.465833605677286978e+05
3.602050074303944712e+05
4.039414360548655386e+05
3.564199265184402466e+05
3.374125767164230347e+05
4.013462509301503305e+05
3.762435944700241089e+05
3.767516102809906006e+05
3.206853694375355844e+05
3.464120761025746469e+05
3.709172223030726309e+05
3.715117852592468262e+05
3.342479051116307382e+05
3.363842459255854483e+05
3.722402595583598013e+05
3.114027567434310913e+05
4.008961199633280630e+05
3.720707035684585571e+05
3.871787024736404419e+05
3.481982009916305542e+05
3.215991895348231192e+05
3.984543290294011240e+05
4.130596210975646973e+05
4.351135714159011841e+05
3.640143046706517343e+05
3.777224723606109619e+05
4.217303388109207153e+05
3.382181277395884390e+05
3.413286644814808969e+05
3.965922187163035269e+05
3.641949014088312979e+05
4.105885134010314941e+05
3.721023209447860718e+05
3.722607148415247793e+05
4.137238253644307260e+05
4.304076346060435171e+05
3.650188114700317383e+05
3.638165124702453613e+05
3.367407502314249869e+05
3.785892276233037119e+05
3.644060478413899546e+05
4.054821650730769034e+05
3.830627233985264902e+05
3.497235945466359262e+05
3.771143836924235220e+05
3.347189373490015860e+05
4.099069614966710215e+05
3.868421494023005362e+05
3.925749922091166372e+05
4.054885544389088755e+05
3.936301644922892447e+05
3.635321873280207510e+05
3.273681843404769897e+05
3.652224826507568359e+05
4.130076794166564941e+05
3.799567277056376333e+05
3.584080380973815918e+05
3.564731538178126211e+05
3.099395874614715576e+05
3.580656030400593881e+05
3.873331164201100473e+05
4.214524517424901132e+05
3.632826945244471426e+05
3.635141345656712656e+05
3.361392540718714590e+05
3.785405130119323730e+05
4.166230736182530527e+05
4.068718683821360464e+05
3.482232478243510122e+05
3.264166482547124033e+05
3.657854379402796621e+05
3.588234329106013174e+05
3.826616246245701914e+05
3.645003867397308350e+05
3.993179582646687631e+05
3.624860800167719717e+05
3.766035377906163340e+05
4.203842644901275635e+05
4.079602043024699087e+05
3.589273741668065195e+05
4.067672602612177725e+05
3.721117671073277597e+05
4.059946647955576773e+05
3.860996010503768921e+05
3.983919978065490723e+05
4.083915521071751718e+05
3.881106396748225088e+05
3.564690615469614859e+05
3.690382967453002930e+05
3.549035298191706534e+05
3.337672162650426035e+05
3.797819410931269522e+05
3.529692881927490234e+05
3.932591051324208383e+05
3.363002173608143930e+05
3.557428419694900513e+05
4.263706925474802847e+05
3.285151475407282705e+05
3.271208331979115610e+05
3.554372041940689087e+05
3.769690299746195669e+05
3.740906785338719492e+05
3.763720565938949585e+05
3.734566049286524649e+05
3.416838105916976929e+05
3.068473616288502817e+05
3.542582691748936777e+05
3.383808936414718628e+05
3.860173358367283945e+05
2.944392917404174805e+05
3.604744573574066162e+05
3.990406002397537231e+05
3.323574333426157827e+05
3.297885474074681406e+05
3.741284848283131723e+05
3.578773497737248545e+05
3.562346456340153818e+05
3.348447617279688711e+05
3.706445340118408203e+05
3.688998071521123056e+05
3.950615424836476450e+05
4.177624050111770630e+05
3.387616528011957998e+05
3.316054034779866342e+05
3.741848820082346792e+05
3.613911455326080322e+05
3.383467546539306641e+05
3.947100983368555899e+05
3.134658754882812500e+05
3.313434818213780527e+05
3.565034083061218262e+05
3.774484823973973398e+05
4.030439269199371338e+05
4.438494075826008921e+05
3.562371398328145151e+05
3.660671052150726318e+05
4.090220644356409903e+05
3.453179113887150888e+05
4.655567462377548218e+05
3.852073468510310049e+05
3.655427577670415048e+05
4.191780446739196777e+05
3.809187514966328745e+05
3.621243902756373282e+05
4.031877547156016226e+05
3.889063157695134287e+05
3.816812987073262339e+05
4.167950961503982544e+05
3.448858804578781128e+05
3.728821776250203256e+05
3.808922164576848154e+05
3.981348148234685068e+05
3.720936585521697998e+05
3.432696703329086304e+05
3.649297681818008423e+05
4.575132025918960571e+05
3.957607612425486441e+05
3.942037946519851685e+05
3.865069695533116465e+05
3.684665977576573496e+05
3.152208498932520743e+05
4.043166430670420523e+05
3.645174634370803833e+05
3.615919617322285776e+05
3.735581528857548838e+05
3.706192983579635620e+05
4.111920670057932730e+05
3.700855406246185303e+05
3.833673368864059448e+05
3.965692283515930176e+05
4.015708171008427744e+05
3.509802094806035166e+05
3.922319870252609253e+05
3.905907591956456308e+05
3.734661223901112680e+05
3.954106785202026367e+05
3.999093778158823843e+05
3.475253614219029550e+05
4.103493393513361807e+05
3.948696442216237192e+05
3.687514859908421640e+05
3.777635772511164541e+05
3.903594080441792612e+05
4.092184168036778574e+05
3.684907777811686392e+05
3.638870680030186777e+05
3.530131414190928335e+05
4.187575083376566763e+05
3.689450178556442261e+05
3.222407349497477408e+05
3.612739651187260752e+05
3.341550979528427124e+05
3.659746362063090201e+05
3.268099688358306885e+05
3.624897826038996573e+05
3.492275540329615469e+05
3.391507587350209360e+05
3.800665462083816528e+05
3.737269764528274536e+05
3.498885726671218872e+05
3.553055687319437857e+05
3.746383418248494272e+05
3.669864522368113394e+05
3.344406942227681284e+05
3.185594032309849863e+05
3.453387656335830688e+05
3.860585173254013062e+05
3.248350293690363760e+05
3.441865828615824576e+05
3.634220075209935312e+05
3.295828793179194327e+05
3.656316556138992310e+05
3.853439582211176748e+05
3.421668751214345102e+05
3.602946035006840830e+05
4.147119533122380381e+05
3.535613481817245483e+05
3.402834609012603760e+05
3.337254452479680185e+05
3.293370167366663809e+05
3.189310050490697031e+05
3.555624109214146738e+05
3.443055915699005127e+05
3.859799617118835449e+05
3.836831816380818491e+05
3.316900168565114145e+05
3.759942063156763907e+05
3.841648573055267334e+05
3.777561651169459219e+05
4.274973641697565909e+05
3.675597249301274423e+05
3.855472950328190927e+05
3.608739333639144897e+05
3.456573233098983765e+05
3.517351191616058350e+05
3.521742597990036011e+05
3.829245980958938599e+05
3.922651247879664297e+05
3.651335219354629517e+05
3.683225756362279062e+05
3.590843905035654898e+05
3.410422063690821524e+05
3.895533349558512564e+05
4.024672646379470825e+05
3.778227851854960318e+05
3.742608484258651733e+05
3.536342375113169546e+05
3.414029146327972412e+05
3.542014524812698364e+05
3.317968966061274405e+05
3.850892318271000986e+05
3.952358364079793100e+05
3.571121855853398447e+05
3.358077355899810791e+05
3.400528807017008658e+05
3.422931044960021973e+05
3.901260318813323975e+05
3.630515534753799438e+05
3.446384015995661612e+05
3.515389053351084585e+05
3.627333222993214731e+05
3.371424750006993418e+05
3.416797483593623037e+05
3.911748461742401123e+05
3.924967419884999399e+05
3.798139760475158691e+05
3.824140399554570322e+05
4.019110061683654785e+05
3.690512126887639170e+05
4.450823004477818613e+05
3.671298606255849008e+05
3.804277733039855957e+05
3.777896861461003427e+05
3.950666176029841299e+05
4.292672018518447876e+05
4.092879280681610107e+05
3.770053850542704458e+05
3.518557881549199228e+05
4.061409021345774527e+05
3.400084194145202637e+05
3.920096897420883179e+05
3.635130747845967417e+05
3.845516738287608023e+05
3.838283579832713003e+05
3.503579430662791128e+05
3.675155948445002432e+05
4.310604521363576059e+05
3.853789105008443003e+05
3.979158637434641714e+05
3.331469861068725586e+05
2.995786971982319956e+05
3.862333478733698721e+05
3.288120575917561655e+05
3.689163766514460440e+05
3.962778628644943237e+05
3.837869560782114859e+05
3.731403343544006348e+05
3.750652537749608164e+05
3.380339770930607920e+05
3.351699452813466196e+05
3.214578337243397837e+05
3.117156219975153799e+05
3.773629161119461060e+05
3.393778034086227417e+05
3.172394410457611084e+05
2.978342258803049917e+05
3.210608846604029532e+05
3.408836226717631216e+05
3.421796649195353384e+05
3.357976298151016235e+05
3.155365181779861450e+05
3.376157854611079092e+05
3.168380719652175903e+05
3.833939227558771963e+05
3.667109280881881714e+05
3.387475941321055288e+05
3.445724541788101196e+05
3.708738180586497183e+05
3.392121838471094961e+05
3.515879482282002573e+05
3.337457019821802969e+05
3.738495378449757700e+05
3.574173962055842276e+05
3.568944214080174570e+05
3.422301943442026968e+05
3.656864918518066406e+05
3.068255179182688589e+05
3.205075465059280396e+05
3.409314561767578125e+05
3.932864725669224863e+05
3.239920801846186514e+05
3.704609198532104492e+05
3.490434325828552246e+05
3.338972318480809336e+05
3.385485404774348135e+05
3.763709307899475098e+05
3.691053808755874634e+05
3.254925960245132446e+05
3.279543603258132935e+05
3.828719546635945444e+05
3.538084194583892822e+05
3.785930128679275513e+05
3.335307987486521597e+05
3.816642739419937134e+05
3.616015916388829355e+05
3.639712385829289560e+05
3.445275824569066172e+05
3.277501362937291269e+05
3.440585352357228403e+05
3.287725768165588379e+05
3.037626128212611075e+05
3.706504812981287832e+05
3.130558379166920786e+05
3.082538777863184805e+05
3.458842373914718628e+05
3.451057779684066772e+05
3.095317084007263184e+05
2.945214363234837656e+05
3.275517726214726572e+05
3.230920159215927124e+05
3.351799070377349854e+05
3.091118773120244150e+05
3.103666825068791513e+05
3.316305916585922241e+05
3.150546825548807974e+05
3.621894109770457144e+05
3.365068535779317026e+05
3.454441975173950195e+05
3.708758073883056641e+05
3.660906844406127930e+05
3.432997684097290039e+05
4.103350572605133057e+05
3.662016715335845947e+05
3.346720554297764902e+05
3.443906332559585571e+05
3.222689711208343506e+05
3.318331237532297964e+05
3.876031815452575684e+05
3.169588008839289541e+05
3.547504848976135254e+05
3.856205660473505850e+05
3.758371134478251333e+05
3.612158117847442627e+05
3.287842403624852304e+05
3.110301340211232309e+05
3.264886488224665518e+05
4.022708896134694223e+05
3.650061374492645264e+05
3.644211199429829721e+05
3.796087065286636353e+05
3.697899558194478159e+05
3.375620844958623056e+05
3.704448091824849253e+05
3.167045003293355112e+05
2.936963757858276367e+05
3.503267200272877817e+05
3.395165483579635620e+05
3.511487311639785767e+05
3.129580798006057739e+05
3.638441374117533560e+05
3.359395124600728159e+05
3.074709795567194815e+05
3.321517054268519278e+05
3.208114914693832397e+05
3.142894877503712778e+05
3.001648010927836294e+05
3.152086569878260489e+05
3.361032165139516001e+05
3.430899801034927368e+05
2.990701119257609244e+05
3.570567110856373911e+05
2.971650384136835928e+05
3.047610883661906119e+05
2.802765407559077139e+05
2.963863666674296255e+05
2.916763726126353140e+05
2.990859709107081289e+05
3.195671847311655874e+05
3.088747573585510254e+05
3.372222264337539673e+05
3.888053800191879272e+05
3.286757660601933603e+05
3.430661435594558716e+05
3.094291572777430410e+05
3.215740477609634399e+05
2.915541826276779175e+05
2.794201646394729614e+05
2.930054759241740103e+05
3.059460685790379648e+05
2.863106058305104380e+05
3.115947986316680908e+05
2.743829024318059091e+05
2.959088047396342154e+05
3.124157125053405762e+05
3.216159569991429453e+05
3.471603009713490610e+05
3.785214341751734610e+05
3.633502379118601675e+05
3.231217479114532471e+05
3.335400702206293936e+05
3.143931925919850473e+05
3.787134499677022104e+05
2.989709152323405142e+05
3.344704687312443857e+05
3.422530842450459604e+05
3.344917633412678842e+05
3.896175887810389395e+05
3.790826305637359619e+05
3.270826922213236685e+05
2.974962490355173941e+05
3.381623002293904428e+05
3.411620606644948130e+05
3.639428552850087290e+05
3.340360116202036734e+05
3.304955750621159677e+05
3.473510642894108896e+05
3.574619349276224966e+05
3.359983142569859629e+05
3.259140474135081167e+05
3.230117934668858652e+05
3.377718573582966928e+05
3.520704842694600229e+05
2.965703824513753061e+05
3.515548159615198965e+05
3.607024530744552612e+05
3.381326947050094604e+05
3.490808845243453979e+05
3.004977490034103394e+05
3.499287458378474112e+05
3.341625775454838877e+05
3.301138021771113272e+05
3.360060522117614746e+05
3.092468913437525625e+05
2.804752107394536142e+05
3.124464467795689707e+05
3.510781719992955332e+05
2.888134544878005981e+05
2.812441423819859629e+05
3.449106938648223877e+05
2.993016230847041006e+05
3.356831801493962412e+05
2.733344273179371958e+05
3.230465161844889517e+05
2.866096321287155151e+05
3.090536301879882812e+05
3.042661868317921762e+05
2.883488226130803232e+05
3.229689436225891113e+05
3.126656230599085684e+05
2.903320907449722290e+05
3.137442094491322641e+05
2.827312838557561045e+05
3.160209897886912222e+05
2.564502326771418157e+05
3.121342756401697989e+05
2.643141154228846426e+05
3.006313315989176626e+05
2.683772725594838266e+05
2.588996904392242432e+05
2.528277356786727905e+05
3.494739428561528330e+05
3.256419739192326670e+05
2.961198471940358286e+05
3.234379086850484018e+05
3.043586495122909546e+05
2.749612056554158335e+05
3.355247819134394522e+05
3.178558316860198975e+05
3.234973705549240112e+05
2.913225778090159292e+05
2.988192018998463755e+05
2.980869840593338013e+05
2.822364353990554810e+05
2.898678421754837036e+05
3.079492640117009287e+05
2.810497419592539663e+05
2.857839492289225454e+05
3.228217212457656860e+05
3.220661311438878183e+05
3.137386055990855093e+05
3.078436628545125131e+05
2.686917698437373037e+05
3.048089421300888062e+05
2.803112989994685049e+05
2.763786801741917734e+05
3.259191852633158560e+05
3.115625540622075205e+05
2.942867754996617441e+05
2.906619429616928101e+05
2.901140017124812002e+05
2.691643500274022226e+05
2.867750449231465464e+05
2.845232429275512695e+05
2.841722885510126944e+05
3.040257101227442618e+05
2.992045628016789560e+05
2.835046162570317392e+05
3.280922987178166513e+05
3.531372223224639893e+05
3.149854503294627066e+05
2.965901335039138794e+05
2.981128123331069946e+05
2.881749551690419321e+05
2.752242846444447641e+05
2.912358087692260742e+05
2.783978910907109384e+05
2.680391877082188730e+05
3.034135072743098135e+05
2.742346091960271006e+05
2.957511846920649405e+05
2.778264097954432364e+05
2.993389440005620127e+05
3.380379840780894156e+05
2.901374096813201904e+05
3.398925722548167105e+05
3.216794186967213755e+05
3.311064130271275644e+05
3.193464318873087759e+05
3.024887608226140146e+05
3.319405740381876822e+05
3.519773358596165781e+05
3.002027787688573007e+05
3.492558984467188711e+05
2.929841003786723013e+05
3.153949173138936167e+05
3.063163608509699698e+05
2.973959607852299814e+05
2.996457808281580801e+05
3.168156365013122559e+05
3.149118921085993643e+05
2.941551692358652945e+05
3.124833351221084595e+05
2.963607527138392325e+05
3.431650334850947256e+05
2.776520303099949961e+05
3.450774111715952749e+05
2.997313192596435547e+05
3.175419400266011362e+05
3.181336557512283325e+05
3.291068178656895761e+05
3.159644974610010977e+05
2.971287062085469370e+05
3.192075860932667856e+05
2.764429986864725943e+05
2.809954136269887094e+05
2.784331136322021484e+05
3.364821230936050415e+05
2.925141858148574829e+05
3.703276184730529785e+05
3.017941820205052500e+05
2.411556144021352229e+05
2.762783816798527841e+05
2.987423494841257925e+05
2.648117873341242666e+05
2.732507487812042236e+05
2.807510305395126343e+05
2.423364498001734319e+05
2.793410222024917603e+05
3.017506200831730966e+05
2.900696452248891001e+05
3.161120220572153921e+05
3.283246178750991821e+05
2.592290795580545964e+05
2.529492411909103394e+05
2.699005807015101309e+05
2.412945528993606567e+05
2.790003309672673349e+05
2.879897065798441763e+05
2.788953309097290039e+05
2.811715946057637339e+05
2.573949300425847468e+05
3.004887614520390634e+05
2.377860380423863826e+05
2.908813852376937866e+05
2.831443969402313232e+05
2.590004930699666438e+05
2.617613217414220271e+05
2.600594016771316528e+05
2.593396629498799739e+05
2.578877102330525813e+05
2.682577338892619009e+05
2.658654926239649649e+05
2.442745052448908391e+05
2.841939242359797354e+05
2.802191392850875854e+05
2.903032353960673208e+05
3.013068096539179678e+05
3.580180369218190317e+05
2.385028331861495972e+05
2.970579300629298086e+05
2.795792968044281006e+05
2.753557775599161978e+05
2.532952590500513616e+05
2.519354355513254704e+05
2.502284482351938786e+05
2.667723010733922129e+05
2.675622146094639902e+05
2.554666938422521052e+05
2.595662427399953303e+05
2.819231426045100088e+05
2.675403447437286377e+05
2.654067591883341665e+05
2.437677379601796565e+05
2.823371250610351562e+05
2.679755566546122427e+05
2.612448257481257024e+05
2.600725524584452214e+05
2.797331130472819204e+05
2.623313018201192026e+05
2.731630657517115469e+05
2.916947088260650635e+05
2.710239953610102530e+05
3.219038574949900503e+05
3.088743291657765512e+05
2.772636634054183960e+05
2.759446657520930166e+05
2.977627281379699707e+05
2.700291258192062378e+05
2.954186984815597534e+05
3.369197221530278330e+05
3.332064302142460947e+05
2.917119369153976440e+05
2.918025367142359610e+05
2.735726501131057739e+05
2.753064961576461792e+05
3.048329901377360220e+05
2.922353061844508047e+05
2.533891357107162476e+05
2.419612781861623225e+05
3.045020882294972544e+05
2.423728661807378230e+05
2.669417146615982056e+05
2.851882315476735239e+05
2.690033295319874887e+05
2.708667241096496582e+05
3.305792301333745127e+05
2.846008854382832651e+05
2.648400707314808969e+05
2.579746891384124756e+05
3.383874133847554331e+05
2.967886348613103037e+05
3.323806793435414438e+05
2.721166289176940918e+05
3.076351107416152954e+05
2.670861526012420654e+05
2.616546304276784358e+05
2.874794427280426025e+05
2.860103643671671744e+05
2.992276185048421030e+05
2.906625369062423706e+05
2.810744666999180918e+05
2.498446306870778499e+05
2.826432286707560415e+05
2.440136663490931096e+05
2.466341197573343816e+05
2.865071281156539917e+05
2.494667244561513362e+05
2.263614660081863403e+05
2.694656848945617676e+05
2.591176786464055476e+05
2.350450354715982976e+05
2.741770086962382193e+05
2.378728626775741577e+05
2.682024688886006479e+05
2.463784572823842464e+05
2.779269940760930185e+05
2.239361870921452937e+05
2.895984821020762320e+05
2.716162929906845093e+05
2.577149622828165593e+05
2.405172944787343440e+05
2.515739070444107056e+05
2.769387407089869375e+05
2.614963082361221313e+05
2.666380333251953125e+05
2.560256933412551880e+05
3.217385603793461923e+05
2.566387933556238713e+05
2.311732186985015869e+05
2.462407668819427490e+05
2.644627852640151978e+05
2.960034642804463510e+05
2.524295107920964656e+05
2.568372709929148259e+05
2.442471018056869507e+05
3.018616163241068716e+05
2.582507497831980290e+05
2.557484683125813899e+05
3.024290081160863047e+05
2.598981297127405705e+05
2.370780190512339177e+05
2.928283817790349131e+05
2.593108014465967717e+05
2.775237693246205454e+05
2.632618132600784302e+05
2.630219176972706919e+05
2.529914931271871028e+05
2.659814542153676157e+05
2.633900490156809683e+05
2.834646019903818960e+05
2.617243969475428166e+05
2.318121770849227905e+05
2.705293038495381479e+05
2.741419162912368774e+05
2.228908520317077637e+05
2.282593559897740779e+05
2.815277002741495962e+05
2.245002169710794988e+05
3.022247283388773794e+05
2.603454475412368774e+05
2.477251523504257202e+05
2.482029155441919866e+05
2.466032124776840210e+05
2.849858723532358999e+05
2.337451924381256104e+05
2.377443130531311035e+05
2.589300488688150945e+05
2.272955847479502263e+05
2.469950846942265925e+05
2.799467955131530762e+05
2.970273560349146719e+05
2.533718218256632390e+05
2.365760406735738216e+05
2.627362676715850830e+05
2.723864042027791147e+05
2.250191023330688477e+05
2.546127232735951839e+05
2.688378650201161508e+05
2.847363529154459829e+05
2.669356039530436392e+05
2.880451767962773447e+05
2.803476398814519052e+05
3.007552865657806396e+05
3.167184361670811777e+05
2.310045161314010620e+05
2.440021773325602117e+05
3.062432251230875845e+05
2.475906393588384090e+05
2.558970740572611394e+05
2.572723135350545344e+05
2.364678181254068913e+05
2.614690402139028010e+05
2.868752237968444824e+05
2.536962087999979558e+05
2.953675295209884644e+05
2.346590606381098332e+05
2.621342368040084839e+05
2.690485749111175537e+05
2.367256702117919922e+05
3.056189131333033438e+05
2.256187209682464600e+05
2.461713835681279597e+05
2.450000592123667302e+05
3.019418034823735361e+05
2.548032459967931209e+05
2.688720571473439340e+05
3.260397249240875244e+05
2.486166352014541626e+05
2.676818180141448975e+05
2.784282315956751700e+05
2.825463991963068838e+05
2.988130986928939819e+05
2.781537064380645752e+05
3.025375826622645254e+05
2.596579094390869141e+05
2.398771357234319148e+05
2.318194035348892212e+05
2.542789506025314331e+05
2.510893252207438054e+05
2.195835939741134644e+05
2.514011296977996826e+05
2.235801835212707520e+05
2.396901271619796753e+05
2.481508562720616756e+05
2.879521068143844604e+05
2.620209246864318848e+05
2.554807911663055420e+05
2.518917772258122859e+05
2.803698921963374014e+05
2.349499299389521184e+05
2.668862723035812378e+05
2.586338362960815430e+05
3.085491935447056894e+05
2.802181621071497793e+05
2.420518410434722900e+05
2.476514104067484441e+05
2.978789514802296762e+05
2.836771947704951162e+05
2.443914178759256902e+05
2.563452626148859563e+05
2.738744534238179331e+05
2.637869762350718374e+05
2.930584777866999502e+05
2.621112080202102661e+05
2.843664205837249756e+05
2.510879223804473877e+05
2.656595737021763925e+05
2.632159998865127563e+05
2.876655383230845327e+05
2.359250787417093816e+05
2.636240140088399057e+05
2.351462714554468694e+05
2.603108152132034302e+05
2.417847563498814998e+05
2.708988104267120361e+05
2.470510354617436824e+05
2.536435908238092961e+05
2.850550469086964731e+05
3.064704418576558237e+05
2.916697625207901001e+05
2.753314457848866587e+05
2.621940825796127319e+05
3.078046185382207041e+05
2.595365752449035645e+05
2.462754443791707454e+05
2.422123208913803101e+05
2.943076956033706665e+05
2.967918858060836792e+05
2.537969659786224365e+05
2.592035889851252141e+05
2.361323176905314031e+05
2.728864176371892099e+05
3.197726514342625742e+05
2.686618536624908447e+05
2.858041030499140616e+05
2.320668179829915462e+05
2.450161256214777532e+05
2.871171324694951181e+05
2.629036944421132212e+05
2.569462276198069158e+05
3.050966484813690186e+05
2.718811628268559580e+05
2.603516498444875178e+05
2.914346560341517325e+05
3.061776506306330557e+05
2.495079601682027278e+05
2.650010165596008301e+05
2.732519431896209717e+05
2.707174250920613413e+05
2.952559084310531616e+05
2.658086227537791128e+05
2.707211247692108154e+05
2.184187632560729980e+05
2.719097546552022104e+05
2.828328024705250864e+05
2.342020910113652644e+05
2.710835062669118051e+05
2.683704742215474253e+05
2.627973457330067758e+05
2.334350724541346135e+05
2.604895166273117065e+05
2.478050754979451594e+05
2.604423880650202336e+05
2.902596487677891855e+05
2.783517957913081045e+05
2.706553663940429688e+05
2.343582901938756404e+05
2.632782335357666016e+05
2.985217191667556763e+05
2.751343152869542246e+05
2.639785461428959970e+05
2.320103772045771184e+05
2.658336339451472159e+05
2.356449338445663452e+05
3.019195008242924814e+05
2.708180911521911621e+05
2.330629267536799016e+05
2.772527114941279287e+05
2.637340688432057505e+05
2.391184522959391179e+05
2.461388954931894841e+05
2.149604119246800838e+05
2.788096872078577871e+05
2.309673947741190495e+05
2.668343993616104126e+05
2.485313373355865479e+05
2.443082404753367009e+05
2.247577824834187923e+05
2.667896737680435181e+05
2.498835010665257869e+05
2.442045592269897461e+05
2.837870419212977285e+05
2.483756412789026799e+05
2.731750659224192495e+05
2.825777354545593262e+05
2.743892737728754873e+05
2.490429575068155827e+05
2.874714356962839956e+05
2.985388584702809458e+05
2.800105721820195322e+05
2.737734277159373160e+05
2.645008935658137198e+05
2.883180032014846802e+05
2.782732800423304434e+05
2.474340343236923218e+05
2.741215158646901255e+05
2.144597081416448054e+05
2.734891394786834717e+05
2.533917866458892822e+05
2.291072764288584294e+05
2.303172398007710872e+05
2.526547940511703491e+05
2.373784425776799617e+05
2.474515135908126831e+05
2.902563900636036997e+05
2.966934258734385367e+05
2.663803889951705933e+05
2.740546188166936045e+05
2.439959289515813289e+05
2.760585918070475454e+05
2.562716426048278809e+05
2.368927161900202336e+05
2.515292837721506658e+05
2.617854383033116756e+05
2.541352391554514470e+05
3.028177662220001221e+05
2.666240172503789072e+05
2.257424011459350586e+05
2.548443771702448430e+05
2.597068396097818913e+05
2.447422635332743230e+05
2.281363396797180176e+05
2.341413344914118352e+05
2.557418619206746516e+05
2.362409357531865535e+05
2.465622683747609553e+05
2.135845671443939209e+05
2.334497760842641292e+05
2.456973416897455754e+05
2.389526919012069702e+05
2.319392259724934993e+05
2.230323804578781128e+05
2.293181187960306706e+05
2.554753364804585872e+05
2.483335046517054143e+05
2.387923160044352117e+05
2.353045514914194646e+05
2.286718531678517757e+05
2.285155395504633489e+05
2.450993341487248836e+05
2.597645036395390925e+05
3.469994919150670175e+05
2.392828486506144109e+05
2.368468714116414485e+05
2.657904575417836313e+05
2.701059024349848623e+05
2.513955283336639404e+05
2.438059963169097900e+05
2.807014892752965097e+05
2.254641108894348145e+05
2.687981818227767944e+05
2.638355555133819580e+05
2.223400431922276912e+05
2.659427815589904785e+05
3.090182426271438599e+05
2.508503197902043757e+05
3.193597781422932749e+05
2.755439417263666983e+05
2.585531615282694402e+05
2.868484090884526377e+05
2.982151920035679941e+05
2.827524115807215567e+05
2.748798565979003906e+05
2.794671355136235361e+05
2.646264100577036734e+05
2.845756219790776377e+05
2.884837260192235117e+05
2.393776148322423396e+05
2.443751692533493042e+05
2.627951440741221304e+05
2.452714627888997493e+05
2.275406558809280396e+05
2.214642456588745117e+05
2.692008179661433096e+05
2.470286891371409001e+05
2.403633115587234497e+05
2.528830343354543147e+05
2.045707063589096069e+05
2.809048801666895743e+05
2.603264792397817073e+05
2.297571213035583496e+05
2.404522563184102473e+05
2.218508880751927791e+05
2.406933134161631169e+05
2.170918374112447200e+05
2.580062689046859741e+05
2.656547219098408823e+05
2.610693802579244075e+05
2.861645480674107675e+05
2.324484368076324463e+05
2.614410010547637939e+05
2.435406511220932007e+05
2.240779505697886052e+05
2.639217826553980703e+05
2.642721862252553110e+05
2.732810952453613281e+05
2.316852762308120728e+05
2.394173356269200740e+05
2.612928504209518433e+05
2.924384301112492685e+05
2.682763542140324716e+05
2.115191711397171021e+05
2.159943823194503784e+05
2.578721358652114868e+05
2.458904668334325252e+05
2.460126635322570801e+05
2.496472204443613591e+05
2.830274106203715201e+05
2.411530995155970159e+05
2.580615995051065984e+05
2.706695151360829477e+05
3.067673025163014536e+05
3.206877505524953012e+05
2.530131621249516902e+05
2.860735549039840698e+05
2.784255024836857920e+05
2.734962259899775381e+05
2.784265399916966562e+05
2.983334330724080210e+05
2.255922860018412175e+05
2.724040427773793344e+05
2.611449654843012395e+05
2.888453321800231934e+05
2.901508520224888925e+05
2.548034356069564819e+05
2.520683845319747925e+05
2.535092476466496882e+05
2.178315419762929378e+05
2.567335963392257690e+05
2.522784013433456421e+05
2.587011407874425349e+05
2.472921585496266780e+05
2.477682235110600886e+05
2.665809295476277475e+05
2.301617605374654231e+05
2.701802400105794077e+05
2.816823761126200552e+05
2.900432025423049927e+05
2.929594489183425903e+05
2.539218464488983154e+05
2.462781256812413631e+05
3.304518205709457397e+05
2.827651326621373300e+05
2.631977562777201529e+05
3.017748062712351675e+05
2.814818397061030264e+05
2.685680013236999512e+05
2.883431574068069458e+05
2.912032032206853037e+05
2.301402708676656184e+05
2.331245665334065852e+05
2.116795534381866455e+05
2.572468729263941350e+05
2.283711318833033147e+05
2.568243447103500366e+05
2.387829423850377498e+05
2.385854776506423950e+05
2.327238999818166194e+05
1.928321816314061580e+05
2.459379651679992676e+05
2.178347250668207707e+05
2.567965201492309570e+05
2.879918066415786743e+05
3.039908875722885132e+05
2.639061216713587637e+05
2.485142114454905095e+05
2.516881936937967839e+05
2.409589135096867976e+05
2.445949374729792180e+05
2.523420771331787109e+05
2.964231453952789307e+05
3.042045269044240122e+05
2.348915633958180842e+05
2.400688331356048584e+05
2.605930422013600764e+05
2.746490937083562021e+05
2.507151707080205379e+05
2.715061643215815420e+05
2.495304688847859798e+05
2.258881795883178711e+05
2.665795657927195425e+05
2.717116123606364126e+05
2.603005633824666438e+05
2.784233282696406241e+05
2.656527880462010507e+05
2.459532567955652776e+05
2.655667929433186655e+05
2.398438418486913142e+05
2.260475278358459473e+05
3.068434249321619864e+05
2.398612700675328670e+05
2.272049965613683162e+05
2.808016796175639029e+05
2.811655608765284414e+05
2.470977602173487248e+05
2.228100474128723145e+05
2.816122513081232901e+05
2.589650275710423884e+05
2.578636509202321467e+05
2.485690000626246037e+05
2.374318423871994019e+05
3.005046100282669067e+05
2.500853305327097478e+05
2.560667693297068181e+05
2.921503941567738657e+05
2.519116989711125789e+05
2.497897297655741277e+05
2.701590055497487192e+05
2.714108899199168081e+05
3.025347571268081665e+05
2.843541910266876221e+05
2.716629122206370230e+05
2.579496878137588501e+05
2.632100894355773926e+05
2.358637112840016780e+05
3.053235568510691519e+05
2.578346657641728816e+05
2.602811695801416936e+05
2.953492739690144663e+05
2.452488239157994685e+05
2.888777497615814209e+05
2.639360491355260019e+05
2.676519207452138071e+05
3.078780624977747793e+05
2.837167005437214975e+05
2.674850175768534536e+05
2.338967092930475774e+05
2.328466673386891780e+05
2.517231123361587524e+05
2.413455684350331721e+05
2.322334290962219238e+05
2.542869689642588201e+05
2.140587612619400024e+05
2.445234055957794189e+05
2.715263950624465942e+05
2.646801755266189575e+05
2.833652637672424316e+05
2.434938751144409180e+05
2.894985666631062631e+05
2.788773389933903818e+05
2.279247743721008301e+05
2.513493039312362671e+05
2.788594347702662344e+05
2.686094713541666861e+05
2.796381506967544556e+05
2.343224677597681584e+05
2.718702056070963736e+05
2.771078636856079102e+05
2.787367887938817148e+05
2.461369853700002132e+05
2.650496246156692505e+05
2.594147841119766235e+05
2.472399083725611272e+05
2.591618680353164673e+05
2.652413576272328501e+05
2.097926987473169866e+05
2.170022748940785823e+05
2.616784570515950618e+05
2.350971678781509399e+05
2.264437620935440063e+05
2.248954073111216130e+05
2.503689763091405330e+05
2.550778436536788940e+05
2.516077724583943782e+05
2.066412736171086726e+05
2.074400226243337092e+05
1.995979126269022527e+05
2.344891241614023747e+05
2.220601586395899358e+05
2.472385378341674805e+05
2.531043470319112239e+05
2.581949397598902287e+05
2.012583519331614079e+05
2.105346529404322209e+05
2.783775201101303101e+05
2.390826665824254451e+05
2.258056679544448853e+05
2.356825570157369075e+05
2.203662301346460881e+05
2.403166243797937932e+05
2.314610201889673772e+05
2.696316426204045420e+05
2.391077931337356567e+05
2.241971682043075562e+05
2.095663784971237183e+05
2.303195775845845637e+05
2.241071038252512517e+05
2.719353498423894052e+05
2.019137321647008357e+05
2.289671751693089900e+05
2.501995789330800471e+05
2.470827115952173772e+05
2.153332448409398494e+05
2.458672485027313232e+05
2.530012332280476985e+05
2.525972292757034302e+05
2.281684198554356990e+05
2.138781377480824885e+05
2.320824670886993408e+05
2.656599592587153311e+05
2.322685786209106445e+05
2.570250245990753174e+05
2.418687259174982610e+05
2.008776913048426213e+05
2.506908985315958562e+05
2.191471600815455022e+05
2.212637217334111629e+05
2.270168612852096558e+05
2.243151134659449162e+05
2.651735131724675302e+05
2.623360336669285898e+05
2.286228172620137630e+05
2.479830475139617920e+05
2.440920868126551213e+05
2.625115791034698486e+05
2.507185984948476253e+05
2.380659727834065852e+05
2.395589082228342595e+05
2.583622080068588257e+05
2.754871763900120859e+05
2.560073286139170232e+05
2.678237691895167227e+05
2.920783192310333252e+05
2.634732163381576538e+05
2.613675494368871150e+05
2.355414651288986206e+05
2.362493320207595825e+05
2.384066861906051636e+05
3.113354244963328238e+05
2.319634751844406128e+05
2.434226880760192871e+05
2.383449426727294922e+05
2.487959569886525569e+05
2.136173784065246582e+05
2.022608384609222412e+05
2.021525598319371638e+05
2.149663888339996338e+05
2.414986568288803101e+05
2.479595346879959106e+05
2.070455522972742619e+05
2.088401460622151790e+05
2.113549796581268311e+05
2.671561186567942495e+05
2.221779915183385310e+05
2.163390942335128784e+05
2.193374750769933162e+05
2.425407955201466975e+05
2.349201346534093318e+05
2.423253868319193425e+05
2.116168609593709407e+05
2.067872498257955012e+05
1.891871023664474487e+05
2.298025696961084905e+05
2.020193802792231145e+05
1.963771881608963013e+05
2.056504364706675115e+05
1.903664090878168645e+05
2.023459489717483521e+05
2.196603361845016479e+05
2.149693023742040095e+05
2.223072923126220703e+05
2.205497180763880315e+05
2.195346100893020630e+05
2.102535676593780518e+05
2.262110525067647395e+05
2.431917008155187068e+05
2.117195453834533691e+05
2.042944494206110539e+05
2.478969454876581731e+05
2.321242520106633601e+05
2.283508459170659480e+05
2.317534678913752141e+05
2.137280586430231633e+05
2.086858800423940120e+05
2.333285182631810603e+05
2.158729368947347102e+05
2.184724425290425716e+05
2.389385950040817261e+05
2.032734938370386662e+05
2.459131299797693791e+05
2.328398760754267278e+05
2.513251588513056340e+05
2.299723266261418757e+05
2.272060647672017512e+05
2.248851574335098267e+05
2.384880127267837524e+05
2.448418397111892700e+05
1.942622656793594360e+05
2.051631494836807251e+05
2.035654469973246159e+05
2.368843397995630803e+05
2.242948023786544800e+05
2.014261807985305786e+05
2.061983679949442449e+05
1.961567474845250545e+05
1.891546058931350708e+05
2.097201034393310547e+05
2.034659321041107178e+05
2.000390398988723755e+05
1.957904545828501286e+05
2.033691242605845036e+05
2.168235238653818669e+05
2.145134710810979304e+05
2.198054465497334895e+05
2.481365528230667114e+05
2.248386156457265315e+05
2.203639731337229314e+05
2.370505052359898982e+05
2.128601943667729793e+05
2.155344676558176579e+05
2.498280791467030940e+05
2.079759493722915649e+05
2.448397506233851018e+05
2.162285532458623347e+05
1.919040985940297542e+05
2.359308378562927246e+05
2.557820231405893865e+05
2.119557322441736760e+05
2.583354352340698242e+05
2.035815457531611028e+05
2.177161109383901057e+05
2.750989501740137930e+05
2.607140168463388982e+05
2.008919945885340276e+05
2.139570474443435669e+05
2.230233808158238826e+05
1.853252510735193791e+05
2.461714216245015559e+05
2.626669820613861084e+05
2.187668943252563477e+05
2.921244999262492056e+05
2.581716431697209773e+05
2.247074519392649236e+05
2.381340000247955322e+05
2.063351656729380193e+05
2.226684159727096558e+05
2.115778116776148381e+05
2.159689043881098332e+05
2.208454478995005193e+05
2.314182396100362239e+05
2.129284038248062134e+05
2.089526397024790349e+05
2.195818041283289494e+05
2.165003057181040349e+05
2.056130664402643743e+05
2.010894087972640991e+05
1.947636163396835327e+05
2.257710795469284058e+05
2.233812917188008723e+05
2.113245712388356624e+05
2.240966970678965154e+05
2.204013753846486507e+05
2.551008745301564632e+05
2.443237781591415405e+05
2.463594620898564754e+05
2.539498172890345159e+05
2.532604433361689153e+05
2.551942395346959529e+05
2.221771025616327825e+05
2.340862721112569270e+05
2.873091519947052002e+05
2.625571512899398804e+05
2.374955884383519588e+05
2.454364932546615601e+05
2.161030722567240300e+05
2.194376680574417114e+05
2.380355425694783626e+05
2.354611765362421575e+05
2.574506477235158382e+05
2.482738332513173518e+05
2.136349667431513371e+05
2.044933699839909968e+05
2.396974966777165828e+05
2.195950038776397705e+05
2.131541763134002686e+05
2.288355307277043757e+05
2.352865387433370051e+05
2.650867250038782950e+05
2.435747495965957642e+05
2.407215317621231079e+05
2.408936281048456731e+05
2.197830587565104070e+05
2.649185964349110727e+05
2.256931563107172551e+05
2.382069712940851750e+05
2.407213922751744685e+05
2.166942322810491023e+05
2.306746059583028255e+05
2.446121199026107788e+05
2.639748007996876840e+05
2.584439981053670344e+05
2.357244191131591797e+05
2.885459238580067758e+05
2.588729777158101497e+05
2.856932700478236075e+05
2.365705375099182129e+05
2.356726152331034245e+05
2.500836432224909368e+05
2.556378974383672175e+05
1.894841272570292058e+05
2.114303878752390447e+05
2.525660712680816650e+05
2.448434005708694458e+05
2.315944503399530950e+05
2.468718001298904419e+05
2.292647827510833740e+05
2.503017719926834106e+05
2.640855780423482065e+05
2.436112620401382446e+05
2.340541081908544002e+05
2.545450865926742554e+05
2.237309814395904541e+05
2.404392756910324097e+05
2.588458854436874390e+05
2.446485917348861694e+05
2.458843774579366145e+05
2.524471141119003296e+05
2.494309501180648804e+05
2.314958793293634953e+05
2.494748840529123845e+05
2.365819878714879451e+05
2.271869594281514583e+05
2.574970982125600276e+05
2.301216650654474797e+05
2.432253842706680298e+05
2.547029050970077515e+05
2.599542610241571965e+05
2.592731466875076294e+05
2.330144144048690796e+05
2.283984470291137695e+05
2.455641932306289673e+05
2.175424575262069702e+05
2.154377973171869817e+05
2.354706798674265447e+05
2.391302368183135986e+05
2.464082486025492253e+05
2.097597560628255305e+05
2.148473014020919800e+05
2.102140518960952759e+05
2.219571910842259822e+05
2.531541644042333064e+05
2.082095812969207764e+05
2.270971246544519963e+05
2.036150607188542781e+05
2.216963524150848389e+05
2.500183541011810303e+05
2.358037145131429133e+05
2.296929288469950261e+05
2.520200885384877620e+05
2.447318596140543523e+05
1.953118645509084163e+05
2.284849484720230103e+05
2.671711373084385996e+05
2.248044910141626897e+05
2.476253527641296387e+05
2.746572223011652823e+05
2.745726383857727051e+05
2.573814467646280827e+05
2.455378694429397583e+05
2.363587765823999944e+05
2.466766584157943726e+05
2.648535046803156729e+05
2.360709893716176448e+05
2.518376064510345459e+05
2.213265320672988892e+05
2.243054983727137151e+05
2.562090806779861450e+05
2.911184891506831045e+05
2.530396267197926936e+05
2.470382174212137761e+05
2.325418830118179321e+05
2.594975656916300359e+05
2.806843222513198853e+05
2.392959599100748601e+05
2.458049330437978206e+05
2.806543245674769278e+05
2.441155696646372380e+05
2.325204593413670955e+05
2.621238493706385198e+05
2.271201512241363525e+05
2.382785836353302002e+05
2.461361595252355037e+05
2.630896598218281870e+05
2.401533696883519588e+05
2.497987890755335393e+05
2.570815765399932861e+05
2.333594596290588379e+05
2.419688540023168025e+05
2.549162956059773860e+05
2.549584232899347844e+05
2.572761332403818669e+05
2.336282283121744695e+05
2.305818070704142156e+05
2.432064175783793034e+05
2.722149514770507812e+05
2.640533383178710938e+05
2.584255018781026301e+05
2.536419899034500122e+05
2.427515733871459961e+05
2.415112508996327815e+05
2.560033859408696590e+05
2.571387190818786621e+05
2.312623257013956609e+05
2.205138234132131038e+05
2.193926375719706120e+05
2.611071422189076839e+05
2.277534798383712769e+05
2.287083493194580078e+05
2.359519715566635132e+05
2.758582667051951285e+05
2.397034151659011841e+05
2.676159120899836416e+05
2.511826284999847412e+05
3.099650906813939218e+05
2.352046188214620051e+05
2.681536597598393564e+05
2.538268683621088567e+05
2.524545516986846924e+05
2.898898644234339590e+05
3.026193465369542246e+05
2.792894936256408691e+05
2.707403735376994009e+05
3.086162456204096670e+05
2.798570155563354492e+05
2.689506157436370850e+05
2.682297482468287344e+05
2.406221198024749756e+05
2.649646492872238159e+05
2.380109438788096013e+05
2.603036543604532781e+05
2.296340926729837956e+05
2.452932459808985295e+05
2.877618493248621817e+05
2.201464991830190120e+05
2.248164733610153198e+05
2.403311120163599553e+05
1.978746009623209538e+05
2.409380335133870540e+05
2.452520318476358952e+05
2.401949484456380305e+05
2.057232748126983643e+05
2.145749023825327458e+05
1.936978584197362361e+05
2.538079753513336182e+05
2.728139162578582764e+05
2.317078169018427434e+05
2.570671517670949397e+05
2.506900083519617619e+05
2.861995820274353027e+05
2.910815461114247446e+05
2.716899884173075552e+05
3.063381292168299551e+05
2.381778862028121948e+05
2.647808701747258310e+05
2.726385498615900869e+05
2.625926299381256104e+05
2.630909505383173819e+05
2.427642301667531428e+05
2.764873691444396973e+05
2.596681205879847112e+05
2.673270197620391846e+05
2.581940661198298039e+05
2.538809312572479248e+05
2.427121379362742009e+05
2.451778400052388606e+05
2.691458345584869385e+05
2.871251298306782846e+05
2.724194901927312021e+05
2.437642587560018001e+05
2.845503301919301157e+05
2.748267766399383545e+05
2.516387448759078979e+05
2.436745749384562077e+05
2.470906031805674138e+05
2.420897548796335759e+05
2.215257466564178467e+05
2.302205715166727605e+05
2.345188781582514348e+05
2.583710808308919368e+05
2.567199325370788574e+05
2.491316811380386353e+05
2.297038143218358455e+05
2.314729244174957275e+05
2.423867133909861150e+05
2.463378189843495784e+05
2.592277124735514226e+05
2.875561575263341074e+05
2.359942358687718806e+05
2.813175607105891104e+05
2.727202041749954224e+05
2.885027347787221079e+05
2.705232507648468018e+05
2.453977291393280029e+05
2.612868165006637573e+05
2.976041513808568125e+05
2.395288244689305720e+05
2.496033339087168279e+05
2.669480050576527719e+05
3.025041708968480234e+05
2.541554064712524414e+05
2.604966010897954402e+05
2.432129775444666448e+05
2.562738723643620906e+05
2.048090946315129695e+05
2.680393464129765634e+05
3.015207742096583243e+05
2.672940880978901987e+05
2.416311228040059505e+05
2.681855522534052725e+05
2.451839008388519287e+05
2.753401177902221680e+05
3.149041804908116465e+05
2.847969375584920053e+05
2.597884816112518311e+05
3.036833202438354492e+05
2.599279872144063411e+05
3.057365043528874521e+05
2.868651901760101318e+05
2.938731278905868530e+05
2.886080023145675659e+05
2.945596953980128164e+05
2.813113086226781015e+05
2.738419568767547607e+05
2.689657442922592163e+05
2.955776072680155630e+05
2.726941194725036621e+05
2.928299456396102905e+05
2.560492027641932073e+05
2.638917149209976196e+05
2.623114946893056040e+05
3.504600977338154917e+05
2.585015361299514771e+05
2.837197135683695669e+05
2.878460393047332764e+05
3.134012032737731934e+05
2.673361933536529541e+05
2.872580314989089966e+05
2.694037878948847647e+05
3.271810846707026358e+05
2.492175108747482300e+05
3.061947247851689463e+05
3.285957857379913330e+05
3.589172638486226206e+05
2.522279757032394409e+05
2.671011484772364493e+05
2.893576885668436880e+05
3.025906507930755615e+05
2.611653906876246037e+05
2.907184095220565796e+05
2.363501820414861140e+05
2.453415264352162776e+05
2.488648156334559026e+05
3.099294840017954702e+05
2.980614153035481577e+05
2.438783727302551270e+05
3.055703977880477905e+05
2.627270803515116568e+05
2.497281731732686458e+05
2.224894981323877873e+05
2.637897395054499502e+05
2.572430241498947144e+05
2.357472427307764592e+05
2.815743372468948364e+05
2.574798593508402409e+05
2.489894968474706111e+05
2.989704572709401255e+05
2.916118486353556509e+05
2.397866020174026489e+05
2.628857695245742798e+05
2.517083065954844060e+05
2.968641969798405771e+05
2.720660057872136240e+05
2.503563280499776301e+05
2.571133899218241277e+05
2.740975067761738901e+05
2.766717033955256338e+05
2.533152050011952815e+05
2.737441878185272217e+05
2.476027260074615479e+05
3.256758229080836172e+05
2.732310952997207642e+05
2.714179702088038321e+05
2.512377175960540771e+05
2.550191360015869141e+05
2.883239225002924795e+05
2.569348890298207698e+05
2.637233588434855337e+05
3.101470577230453491e+05
2.493748017571767268e+05
2.543470891008377075e+05
2.312844091167449951e+05
2.789633752571741934e+05
2.597631294606526790e+05
2.528719971446990967e+05
2.513622668965657649e+05
2.879465080210368033e+05
2.592565444590250554e+05
2.617303040021260676e+05
2.531578897399902344e+05
2.497537009776433406e+05
2.731308600543339853e+05
2.674690874999364023e+05
2.750148605082829599e+05
2.498027297452290950e+05
2.765848607110977173e+05
2.623464710957209463e+05
2.461951007073720393e+05
2.557423181425730290e+05
2.742767313776016235e+05
2.195458673715591431e+05
3.116421079724629526e+05
2.562293893671035767e+05
2.441823600044250488e+05
2.709318123668034677e+05
2.576248821245829167e+05
2.811988943653106689e+05
2.274161117474237981e+05
2.770484092222849722e+05
2.926457646242777701e+05
2.965365016876856680e+05
3.158129072484970093e+05
2.985022667465209961e+05
2.679415340058009024e+05
2.651297027565638418e+05
2.253532681744893489e+05
2.533902723277409968e+05
2.336232620217005315e+05
2.657793863954544067e+05
2.393291162077585759e+05
2.393062089389165340e+05
2.600957092456817627e+05
2.746527030165990000e+05
2.341369089295069280e+05
2.387680746936798096e+05
2.511315269778569636e+05
2.314656450169881282e+05
2.460303308134078979e+05
2.889545310573577881e+05
2.510319380639394221e+05
2.712520036303202505e+05
2.648208995243708487e+05
2.835836025683085318e+05
2.972615348230997915e+05
3.091776086807250977e+05
2.850106133432388306e+05
3.032032579161326285e+05
3.226467039969761972e+05
2.638505367714564200e+05
2.645119701426823740e+05
3.239198618529637461e+05
3.119275792725880747e+05
3.099277127173741465e+05
3.077724299580256338e+05
2.763921156845092773e+05
3.191009953333536978e+05
3.099629191319147940e+05
3.112095322532653809e+05
2.574890639966329036e+05
3.051720479834874277e+05
2.862289664494196768e+05
3.567186533571879263e+05
3.324095208520889282e+05
3.025730006322860718e+05
3.253446515242258902e+05
2.776844579652150278e+05
2.860493900101979380e+05
3.326817971890767221e+05
3.046732251504262094e+05
3.265407570556004648e+05
2.915847195663452148e+05
2.807434591595332022e+05
3.054079374863306875e+05
3.292697074969609384e+05
2.772533785384495859e+05
3.060037034711837769e+05
2.816646006720860605e+05
2.536442770312627254e+05
2.815868505754470825e+05
3.183423268146514893e+05
3.007942197682062979e+05
2.970520857861836557e+05
2.853136494763692026e+05
2.730604903367360239e+05
2.927173650744755869e+05
2.825329107882181997e+05
3.066724410514831543e+05
3.189421066773732309e+05
3.241896580448150635e+05
2.595391779111226497e+05
3.089853877735137939e+05
2.864475786962509155e+05
3.180077093550364370e+05
2.335522169987360539e+05
2.437056804332733154e+05
2.653723438409169321e+05
2.815542591946919565e+05
2.671241108264923096e+05
3.114035366535186768e+05
2.998694764442443848e+05
2.971776933946609497e+05
2.906119780356089468e+05
2.710537466793060303e+05
2.761599437071482535e+05
2.887329717483520508e+05
2.654459510698318481e+05
2.779085908152262564e+05
3.180325856545766001e+05
2.730824869842529297e+05
2.954087510725657339e+05
2.534289895337422786e+05
2.852987877969741821e+05
2.766394420611063833e+05
2.719701751794815063e+05
3.015092539955775137e+05
2.547572019869486394e+05
2.755610602095921640e+05
3.125419283526738291e+05
2.875243080657323007e+05
3.288394330670039053e+05
3.104919975703557138e+05
2.966496547517776489e+05
3.074959111146926880e+05
2.866369172306060791e+05
2.674731024058659677e+05
3.831269683074951172e+05
2.778334526573817129e+05
2.834066385348637705e+05
2.794089599097569590e+05
3.046541837698618765e+05
2.870029703909556265e+05
3.152275716816584463e+05
3.425203821420669556e+05
3.184108359845479135e+05
2.798053995285034180e+05
2.800356196057001944e+05
3.253818498614628916e+05
3.528317463741302490e+05
3.038584391323725577e+05
3.239940163927078247e+05
3.332227433557510376e+05
2.746801172447204590e+05
2.995501060953140259e+05
3.226020570446650381e+05
2.667023686316807871e+05
2.526195013666152954e+05
2.638269173196156626e+05
2.650737895094553824e+05
2.870097438020706177e+05
2.547375278228124080e+05
3.295493759409586783e+05
2.934478087170918589e+05
3.580175763505299692e+05
2.867273406445185537e+05
3.209543751659393311e+05
2.987416744565963745e+05
3.068025759353637695e+05
3.053341086486180429e+05
2.888132387091318960e+05
2.993182870216369629e+05
3.095233677142460947e+05
2.459670216741561890e+05
2.869548585910797119e+05
3.150460348873138428e+05
2.717077638413111563e+05
3.076445944395065308e+05
3.275050899454752798e+05
3.182385681546528940e+05
3.021279940586090088e+05
3.271465502316157217e+05
3.065445963446299429e+05
3.186653234173457022e+05
3.217927305237452383e+05
2.866672569440205698e+05
2.879034733324050903e+05
3.059976713924407959e+05
2.932828903322219849e+05
3.085900757691065664e+05
2.985953858531315927e+05
2.855341939732233877e+05
2.856294682000477915e+05
3.301252700653076172e+05
2.998003442118962412e+05
3.302081355772018433e+05
3.480128487650553579e+05
2.900798529367446899e+05
3.502372137314478750e+05
3.259636969738006592e+05
3.252260074942906504e+05
3.051872039337158203e+05
2.735806269849141245e+05
3.621449357140858774e+05
3.135921410687764292e+05
3.136558025293350220e+05
3.186166205183665152e+05
3.010793911914825439e+05
2.944650010499954224e+05
3.249073323621749878e+05
3.429071023317973013e+05
3.071587058293024893e+05
2.748871457176208496e+05
2.883315495309829712e+05
2.892101544920603628e+05
3.116998231960932608e+05
2.675717361459732056e+05
3.269292052338917856e+05
3.471081672814686899e+05
3.254160705051422119e+05
3.111347199506759644e+05
3.286291724313099985e+05
2.992074779809315805e+05
3.280453354546229239e+05
2.698043011458714609e+05
3.195457811806996469e+05
2.706617149957020883e+05
2.666636239131291513e+05
2.794403573792775278e+05
2.829669355033238535e+05
3.009898384370803833e+05
2.912160547240574961e+05
2.941355959889094229e+05
2.872775036592483521e+05
2.505887667668660579e+05
3.182025263525645132e+05
2.946375125233332510e+05
3.282616224428812857e+05
2.668348445183436270e+05
3.199360578492482309e+05
2.852878136005401611e+05
2.959607678689956665e+05
2.676531315374374390e+05
2.871201357533137198e+05
2.777144477237065439e+05
2.984485668280919199e+05
3.314147466100056772e+05
2.762825455141067505e+05
2.838642573655446176e+05
2.659487449477513437e+05
3.182136405789057608e+05
3.045833132785161142e+05
3.389994431769053335e+05
2.952643570413589478e+05
2.817685765145619516e+05
3.009601727027893066e+05
3.773548142188389902e+05
2.736748609937031870e+05
3.057786281967163086e+05
3.002118399337132578e+05
2.911148023726145620e+05
3.258483316555023193e+05
3.552773334461848135e+05
2.891074999583562021e+05
3.070997620693842764e+05
3.109399483556747437e+05
3.216317626679738169e+05
3.042228691546122427e+05
3.017172679157257080e+05
3.156291562782923575e+05
2.824347758289973135e+05
3.331259393911361694e+05
2.807428568058013916e+05
3.017287286755244131e+05
2.775170877377192373e+05
2.794194110034306650e+05
2.996345191427866812e+05
2.850881912450790405e+05
3.265070270274479990e+05
3.115187150166829233e+05
3.206553180945714121e+05
2.962243002328872681e+05
3.134883816181818838e+05
3.344116170959472656e+05
3.222952276617686148e+05
2.951949569457371836e+05
3.257971490968068247e+05
3.205489559593200684e+05
3.522960951582590933e+05
3.293887140537897940e+05
2.631422227074305410e+05
2.919496456632614136e+05
2.795200167516072397e+05
3.044292212079365854e+05
2.691758327169418335e+05
3.001707175798416138e+05
3.195437569322586060e+05
3.319392277692158823e+05
3.413807630869547720e+05
3.307375098581314087e+05
3.154553340673446655e+05
3.055017287314732675e+05
2.936107445195515756e+05
2.622425488936106558e+05
2.780730881458918448e+05
2.753742310269673471e+05
2.841750853017171030e+05
3.057765771964390879e+05
2.678441108379364014e+05
2.709262136462529306e+05
2.940269510974884033e+05
3.052308410984675284e+05
3.125671305894851685e+05
3.100232111597061157e+05
3.037515342369079590e+05
2.941147141437530518e+05
2.979362557516098022e+05
3.184456670316060190e+05
3.033558094650904532e+05
3.171556389029820566e+05
3.536060323324203491e+05
2.937643413626353140e+05
3.073629839398066397e+05
3.212930410442352295e+05
3.120716009705861215e+05
3.520826624898910522e+05
2.992791896584828501e+05
3.498096002117792959e+05
2.957471550804774160e+05
3.245636272344589233e+05
2.821574078184763785e+05
2.934974217529296875e+05
2.946706853577296133e+05
3.011090200942357187e+05
3.279258203973770142e+05
3.081000057640075684e+05
3.582416919053395395e+05
2.965326363436381216e+05
2.701406839431126718e+05
3.210304234517415171e+05
3.321014576994578238e+05
3.253417876764933462e+05
3.150354290014902945e+05
3.004835531263351440e+05
3.287296365871429443e+05
3.054381895837783813e+05
2.946406736129124765e+05
3.370102048044204712e+05
3.232000782505671377e+05
2.898240024627049570e+05
3.010491709022521973e+05
2.995109245624542236e+05
2.865652542683283682e+05
3.482677871023814077e+05
2.833742403122584219e+05
2.839618714990615845e+05
3.065403879140217905e+05
3.168249849208195810e+05
3.217943940092722769e+05
3.074500839850108023e+05
3.188436629826228018e+05
3.207770812571843271e+05
3.268912070951461792e+05
2.909990453414916992e+05
3.067624266955057974e+05
3.134963832486470346e+05
2.992639361403782968e+05
3.204841729154586792e+05
3.183623618857066031e+05
3.169810489168167114e+05
3.185930625890095835e+05
3.327876660547256470e+05
2.779454789257049561e+05
2.868817082815170288e+05
3.275201315987904673e+05
2.957015411341984873e+05
2.974692764285405283e+05
3.048375728263854980e+05
2.810420683546066284e+05
2.993457510185241699e+05
2.898635516799290781e+05
3.078776163969039917e+05
3.364009142481486197e+05
3.430253727763493662e+05
2.974392253398895264e+05
2.901424328772227163e+05
2.867432184638977051e+05
3.164834605350494385e+05
3.600182368828455801e+05
3.135680116996765137e+05
3.245368121906916494e+05
3.091961068255106802e+05
3.115934357728958130e+05
3.165319113190968637e+05
3.470829462375640869e+05
3.105763630940119619e+05
3.049979292208353872e+05
3.389619034134547110e+05
2.957668914035161142e+05
3.074394473333358765e+05
2.883719686787922983e+05
3.381613530553181772e+05
3.186875578721364145e+05
3.035278069849014282e+05
2.725919774665832520e+05
3.061981114314396982e+05
2.986533748928706045e+05
3.327293659467697144e+05
3.386895562416712637e+05
3.201994630918502808e+05
3.019322991491953726e+05
2.977176934855778818e+05
3.254056000604629517e+05
3.572904775517781381e+05
3.088879925835927133e+05
3.408191368287404184e+05
3.155373675460815430e+05
3.037132603820164804e+05
3.205425947882334585e+05
2.990432260316212778e+05
3.161249280414581299e+05
3.017898690923054819e+05
2.755901695791880484e+05
3.160432729752858286e+05
2.912825202690760489e+05
3.130735178998311167e+05
2.807174850988388062e+05
2.857594974610010977e+05
2.610135647767384944e+05
2.968421769771575928e+05
3.201334840695063467e+05
3.193509351371129160e+05
3.200938488445281982e+05
3.476355609575907583e+05
3.287859668617248535e+05
3.360654232479731436e+05
3.428461098947525024e+05
3.159375504112243652e+05
3.591601982831954956e+05
3.383915889040629263e+05
3.373777733634312754e+05
3.096945983451207285e+05
3.034197230332692270e+05
3.307037721802393789e+05
2.976213607759475708e+05
2.519373788967132568e+05
2.543867698837915959e+05
3.128866423031489248e+05
2.822341588163375854e+05
3.113088486385345459e+05
2.319793131217956543e+05
2.624553240661621094e+05
2.678086139939625864e+05
2.697327667188644409e+05
2.961489200569788809e+05
2.537006792701085506e+05
3.056790085188547964e+05
2.778670392382939463e+05
3.142228276443481445e+05
2.483909338534673152e+05
2.847959086996714468e+05
2.809636342407862539e+05
2.570251763121286931e+05
2.765453420648574829e+05
2.647476091489791870e+05
2.496736117877960205e+05
2.730286863454182749e+05
2.820457233018875122e+05
2.899702271645863657e+05
2.847231686557133798e+05
2.521776869630813599e+05
2.716708924789428711e+05
2.584136035245259700e+05
2.765285561393101816e+05
2.901834944861729746e+05
2.776994554913838510e+05
2.427898101778030396e+05
2.747731473716099863e+05
2.882856349267959595e+05
2.702600970789591665e+05
2.740552677710850840e+05
2.987298572149276733e+05
2.863839685525894165e+05
3.297863315938313608e+05
2.911126493752797251e+05
2.729940280326207285e+05
2.632636754522323608e+05
3.179940065806706552e+05
2.714730089356104727e+05
2.947043312282562256e+05
2.480891892083486018e+05
3.162765267979304190e+05
2.662426384766896372e+05
2.888641238641738892e+05
2.602294698861440120e+05
2.461702335275014339e+05
2.619042426503499446e+05
3.184048477538426523e+05
3.034649678866068716e+05
2.799856027822494507e+05
3.227556686697006226e+05
2.588983967857360840e+05
2.593946364571253362e+05
2.839214553410212393e+05
3.117210347255070810e+05
3.136569790941874380e+05
2.842825782992045279e+05
3.166076986265182495e+05
2.904686372810999746e+05
3.154179337294896250e+05
2.615481423260370793e+05
2.970772351414362784e+05
2.848779217316309805e+05
2.977238014984130859e+05
2.548993414014180598e+05
2.959688932561874390e+05
2.757080201727549429e+05
2.816655220651626587e+05
3.001176909716923838e+05
2.741628204720814829e+05
2.586124298931757512e+05
2.669935220559437876e+05
2.505528393300374446e+05
2.799838298069636221e+05
2.485775340757369995e+05
2.428671323092778621e+05
2.300898320678075252e+05
2.533033789323171077e+05
2.536842624216079712e+05
2.332286392409006658e+05
2.218163201942443848e+05
2.466691691179275513e+05
2.616512124325434270e+05
2.519652641423543391e+05
2.243487911682128906e+05
2.385306525122324529e+05
2.420650210208892822e+05
2.501540958512624202e+05
2.546891569824218750e+05
2.432813034509023128e+05
2.416033472512563167e+05
2.657812716385523672e+05
2.757181488135655527e+05
2.745433317222595215e+05
2.538597234738667903e+05
2.736683215494155884e+05
2.731954129724502563e+05
3.004843009970982675e+05
2.780876358162562246e+05
2.776110599044163828e+05
2.366391465145746770e+05
2.739031543223063345e+05
2.549630004002253118e+05
2.934694544245402212e+05
2.995663089199066162e+05
2.606972219511667790e+05
2.891470009228388662e+05
3.164551901143391733e+05
2.817802638505299692e+05
2.489438883444468083e+05
2.680021517244974966e+05
2.529876418844858708e+05
2.236627647587458196e+05
2.707800683663685923e+05
2.713906433108647470e+05
2.443216733134587703e+05
2.683587744607925415e+05
2.636750656744639273e+05
3.004482126073837280e+05
2.513937639989852905e+05
2.362753256263732910e+05
2.299443930495580134e+05
2.465150683066050115e+05
2.602922311309178767e+05
2.647632568257649546e+05
2.253883302828470769e+05
2.291672178233464656e+05
2.395172465105056763e+05
2.404243632402420044e+05
2.362122865956624446e+05
2.386765842784245906e+05
2.477562608521779475e+05
2.655416235748926993e+05
2.896189521252314444e+05
2.376463899793624878e+05
2.573679297453562322e+05
2.497632042090097966e+05
2.718136006498336792e+05
2.522349749501546321e+05
2.296162859598795476e+05
2.566433709939320979e+05
2.467654474630355835e+05
2.564748593082427979e+05
2.484047729466756282e+05
2.322471182518005371e+05
2.162868191874822078e+05
2.565633742202123103e+05
2.477821881920496526e+05
2.381537055161794124e+05
2.589307052666346135e+05
2.741025037174224854e+05
2.842210557899475098e+05
2.463842016204198299e+05
2.630858154884974356e+05
2.625605371332168579e+05
2.630357718257904053e+05
2.586243277606964111e+05
2.675921264677047729e+05
2.860397366997401114e+05
2.341756133292516170e+05
2.380366297206878662e+05
2.561757132304509578e+05
2.460842067181269231e+05
2.285566349512735906e+05
2.636516364345550537e+05
2.316528841743469238e+05
2.584589914309183659e+05
2.652713780393600464e+05
2.526125952278772893e+05
2.457947000665664673e+05
2.309765714305242000e+05
2.465953084214528499e+05
2.801232702643076773e+05
2.440939496145248413e+05
2.690774803565343027e+05
2.423998853317896428e+05
2.562301522973378596e+05
2.537266808287302556e+05
2.607597209889093938e+05
2.783401064151127939e+05
2.454499243586858211e+05
2.532006379127502441e+05
2.628737884950637817e+05
2.367408847770690918e+05
2.739709966920216684e+05
2.641287984021504526e+05
2.774437377545039053e+05
2.490132069568634033e+05
2.537605920101801457e+05
2.679147113780975342e+05
2.356971121517817082e+05
2.740110712416966562e+05
2.481292647759119573e+05
2.330879531075159612e+05
2.870599108584721689e+05
2.676794963003794546e+05
2.390687381544113159e+05
2.446356895259221492e+05
2.758922289870579843e+05
2.604750803257624211e+05
2.773112347215016489e+05
2.380468391033808293e+05
2.862412121613820200e+05
2.560654082008997502e+05
2.358995296233495174e+05
2.773319773378372192e+05
2.547141488466262817e+05
2.319337172838846745e+05
2.698836528968811035e+05
2.403918918762207031e+05
2.485286418860753474e+05
2.602333768637975154e+05
1.921527057488759456e+05
1.774704533227284846e+05
2.165478049004872737e+05
2.141285228452682495e+05
2.254155442113876343e+05
2.289863102639516292e+05
2.068008204364776611e+05
2.317842918119430542e+05
2.164367644977569580e+05
1.924738001235326228e+05
1.782802656291325984e+05
2.057718584324518743e+05
2.524127091859181819e+05
2.275967727972666326e+05
2.047556695645650325e+05
2.228607260834375920e+05
2.285485756279627385e+05
2.181292797565460205e+05
2.048611411399841309e+05
2.076817904726664128e+05
2.054308173961639404e+05
2.110477552836736140e+05
2.301750572903951106e+05
1.916275431826909480e+05
2.278681708269119263e+05
1.935761989920934138e+05
2.100648877347310481e+05
2.170152303314208984e+05
2.315988875525792537e+05
2.525087400461832585e+05
2.140150735305150447e+05
2.357289393224716187e+05
2.231090625127156673e+05
2.145925141118367610e+05
2.198407704318364558e+05
2.190151116771697998e+05
1.980799436114629207e+05
2.414466699914932251e+05
2.350636328627268376e+05
2.334684488321940007e+05
2.124668606853485107e+05
1.703786059939066472e+05
2.034742050692240300e+05
2.291113485740025935e+05
2.062571824887593684e+05
2.189460543699264526e+05
2.155808963737487793e+05
1.801758421729405818e+05
1.995429310394922795e+05
2.245497569650014339e+05
2.078509116948445735e+05
2.084139088331858220e+05
2.209038902009328303e+05
1.814876758076349797e+05
2.122770681660970149e+05
1.793449735870361328e+05
1.929440809631347656e+05
1.855508680229187012e+05
1.832588696273168025e+05
1.885833580188751221e+05
1.926383932253519597e+05
2.165563177715937200e+05
2.032324452610015869e+05
2.283642435019811091e+05
2.015690122499465942e+05
2.284398753067652287e+05
2.268369678436914983e+05
2.318200612026850285e+05
2.233407803227106633e+05
2.120450938034057617e+05
2.037906304079691472e+05
2.132538113428751531e+05
2.206256896228790283e+05
1.826721266094843450e+05
2.079745823637644353e+05
2.213417156635920110e+05
2.267492695576349797e+05
1.963376941359837947e+05
2.059964682890574040e+05
2.346291775798797607e+05
2.152628221737543645e+05
2.120997289727528987e+05
2.144117065416971745e+05
2.140824274838765559e+05
2.255776960315704346e+05
2.157317730077107844e+05
2.421602556921640935e+05
2.141077099596659245e+05
1.965025255963007512e+05
1.889102961235046387e+05
2.324523854497273860e+05
1.956900091908772883e+05
2.051738256451288762e+05
2.044545514163970947e+05
2.114533410266240535e+05
2.132043799451192317e+05
1.960395165977478027e+05
2.425053765316009521e+05
2.390703313604990544e+05
2.486515544500350952e+05
2.013161764876047673e+05
1.600679137757619319e+05
1.654488829050064087e+05
1.929110620072682796e+05
1.925209562536875310e+05
1.799223506393432617e+05
1.572581399300893245e+05
1.902398278735478816e+05
1.651743955618540349e+05
1.851661239633560181e+05
1.899419164679845271e+05
1.632504300225575862e+05
1.937654362799326482e+05
1.676796552972793579e+05
1.705958100843429565e+05
2.108902853037516179e+05
1.764836059335072932e+05
2.015526842835744319e+05
1.727662749306360784e+05
1.689876467189788818e+05
1.974853164272308350e+05
1.653398817434310913e+05
1.794502964738210139e+05
1.646576109342575073e+05
1.714715355529785156e+05
1.763242665605545044e+05
1.806186708272298274e+05
1.754462960116068425e+05
1.787216880407333374e+05
1.652741123250325618e+05
1.612473586139678955e+05
1.811576946684519353e+05
1.703373177887598576e+05
1.696973818995157781e+05
1.810315880877176824e+05
1.997169206495285034e+05
1.582897387507756648e+05
1.705372249975204468e+05
1.804195561412175593e+05
1.739016089588800969e+05
1.856768174308141170e+05
1.813503440545400081e+05
1.654241698824564519e+05
1.656181957267125545e+05
1.911243785066604614e+05
1.719795855331420898e+05
1.958523529389699397e+05
1.962898310969670711e+05
1.808315719874700007e+05
1.644906155131658015e+05
1.871742387406031194e+05
1.889268535420099797e+05
1.678015085868835449e+05
1.698486271088918147e+05
1.905004216699600220e+05
1.951745051231384277e+05
2.036259545679092407e+05
1.981080013036727905e+05
1.712247521336873469e+05
1.877748756386438909e+05
2.083734640331268311e+05
1.820344854068756104e+05
1.701909081287384033e+05
1.707740682808558049e+05
1.717007548046112061e+05
1.865508668063481746e+05
1.887004823525746760e+05
1.995986824944814143e+05
1.628817390740712581e+05
1.926571040039062500e+05
1.830650747954050603e+05
1.917458955478668213e+05
1.894099947287241521e+05
1.901976682351430354e+05
2.107287990248998103e+05
1.693817192885080876e+05
2.003294077959060669e+05
1.918116765483220515e+05
1.603127124656041560e+05
2.088087096741994319e+05
1.765624985682169499e+05
1.768131472358703613e+05
2.064887878818511963e+05
1.931856959966023860e+05
1.900070956735610962e+05
2.067315460535685124e+05
2.192247992080052791e+05
1.893327457644144597e+05
1.933855470412572322e+05
1.696993799279530940e+05
1.893109926246007381e+05
1.584813450282414851e+05
1.903322737531661987e+05
1.542484861370722356e+05
1.977873246002197266e+05
1.744300383726755681e+05
1.835197264118194580e+05
1.762732244358062744e+05
1.668415299409230647e+05
1.818778017495473323e+05
