1.368974168078104594e+04
1.358420285574595073e+04
1.458375213336944580e+04
1.587659189764658549e+04
1.671949607245127481e+04
1.516535061550140381e+04
1.563325843715667725e+04
1.444458743222554585e+04
1.448041890335083008e+04
1.535379347801208496e+04
1.630016810894012451e+04
1.748479373073577881e+04
1.318228762022654155e+04
1.483381575393676758e+04
1.533666459083557129e+04
1.610300141429901123e+04
1.383339908917745015e+04
1.615948160330454448e+04
1.497578017298380473e+04
1.575955480225881001e+04
1.556142871538797954e+04
1.429683874575296977e+04
1.480085213788350484e+04
1.594547473112742045e+04
1.351321823151906392e+04
1.336736840565999410e+04
1.590208352216084859e+04
1.459244890149434468e+04
1.411242224280039409e+04
1.512246859486897847e+04
1.471917946147918701e+04
1.678126508108774942e+04
1.452409066963195801e+04
1.531983844216664693e+04
1.645050313218434530e+04
1.611961491775512695e+04
1.649850882562001425e+04
1.388946813138326070e+04
1.582155002593994141e+04
1.744944401836395264e+04
1.385972742875417134e+04
1.597435387198130229e+04
1.649383788013458252e+04
1.743260600153605264e+04
1.598117299079895020e+04
1.543181266371409038e+04
1.587810125700632670e+04
1.407858303642272949e+04
1.675714399019877237e+04
1.543388693841298482e+04
1.601524834601084331e+04
1.684068743864695352e+04
1.451242458693186381e+04
1.748789190769195557e+04
1.655422461001078409e+04
1.589433702723185161e+04
1.690245661354064941e+04
1.695169681326548380e+04
1.440755790742238423e+04
1.426751187992095947e+04
1.655156946341196817e+04
1.387775037384033203e+04
1.746686534150441366e+04
1.526847750155130962e+04
1.378140587170918843e+04
1.652456620279948038e+04
1.604035161717732808e+04
1.409823530356089213e+04
1.432962127017974854e+04
1.484174961376190186e+04
1.741959116427103800e+04
1.485877402877807617e+04
1.533001869233449361e+04
1.502290457407633403e+04
1.436682469431559184e+04
1.626828134759267232e+04
1.382626010767618754e+04
1.541505318101247212e+04
1.570330242729187012e+04
1.618214596303304097e+04
1.401293185138702393e+04
1.629833054765065572e+04
1.413923797416687012e+04
1.436224928601582906e+04
1.618754323673248291e+04
1.650071012115478516e+04
1.594194437694549561e+04
1.650563608360290527e+04
1.421009631379445455e+04
1.617070796140035054e+04
1.628144700209299663e+04
1.607394056415557861e+04
1.507691961161295512e+04
1.386458634122212788e+04
1.512632193883260152e+04
1.486549604002634624e+04
1.505454361661275288e+04
1.486060327752431294e+04
1.293885875002543071e+04
1.292096489588419536e+04
2.088766423384348673e+04
2.110194215106964111e+04
2.100009282906850058e+04
2.052504164441426474e+04
1.855746676826477051e+04
2.169846423403422159e+04
1.943184101931254190e+04
2.279418282222747803e+04
2.191001674715678018e+04
2.238369879849751669e+04
2.229348419125874716e+04
2.188918629423777384e+04
2.013406908702850342e+04
2.128866845989227295e+04
1.756880981858571249e+04
1.773837464459737021e+04
2.072017669900258261e+04
2.021018335533142090e+04
2.159230723794301230e+04
2.051545295015970987e+04
1.919503166357676309e+04
1.860612209224700928e+04
2.201099760468800741e+04
2.118723186810811239e+04
1.914961626815795898e+04
2.040082263724009317e+04
1.915023317400614542e+04
1.945676202869415283e+04
1.955113923772175986e+04
1.945347628211975098e+04
1.914031335926055908e+04
2.162296314239501953e+04
1.887288041337331015e+04
1.700334679349263388e+04
2.032345496368408203e+04
1.923151351006825644e+04
2.077639499155680460e+04
1.974361716588338095e+04
2.001976124413808066e+04
2.133373975308736044e+04
1.960156021944681925e+04
2.225547224648793417e+04
2.188033967812855917e+04
1.890872403526306152e+04
2.048702319717407227e+04
2.151155064900716025e+04
1.981838978449503702e+04
1.994735374291737753e+04
2.023112185541788858e+04
1.951675966580708700e+04
1.929094667784373087e+04
1.928686860688527304e+04
2.117702220503489298e+04
2.241599451128641886e+04
1.959097743352254111e+04
2.135529011789957804e+04
1.760811198711395264e+04
1.743415137259165567e+04
1.971811578496297079e+04
1.814393520387013632e+04
1.662067374928792196e+04
1.913607331625620645e+04
1.720386861228942871e+04
1.634044123967488667e+04
1.863848376750946045e+04
1.790850460338592529e+04
1.826033471902211386e+04
1.948872745577494425e+04
1.888064705657958984e+04
1.871727433999379355e+04
1.609453130753835103e+04
1.885036206404368204e+04
2.021095658842722696e+04
2.079553177992502970e+04
1.862394683297475058e+04
2.051689823627471924e+04
1.799746256446838379e+04
2.057596957937876505e+04
2.175608820565541464e+04
1.904370548502604288e+04
2.127644456609090048e+04
2.084772700150807577e+04
2.012207837041218954e+04
2.185411622937520224e+04
1.861793789927164835e+04
2.052112449359893799e+04
2.068400949954986572e+04
1.970004655647277832e+04
1.740062090969085693e+04
1.830922505982716757e+04
1.892890829626719278e+04
1.892061279964447021e+04
1.865720612589518350e+04
1.934914476744334024e+04
1.914672427082061768e+04
1.943232236385345459e+04
2.170092597834269327e+04
2.029689346504211426e+04
2.096985176753997803e+04
2.009806807581583780e+04
2.542122572994232178e+04
2.331644916470845419e+04
2.486916392326354980e+04
2.684295092391967773e+04
2.281484165223439413e+04
2.377381472841898722e+04
2.385958465417226034e+04
2.240970302327473837e+04
2.416909282430012900e+04
2.573378921286265177e+04
2.683650521310170370e+04
2.421278379472096640e+04
2.317416268666585165e+04
2.151122601699829102e+04
2.565783353900909424e+04
2.255529139423370361e+04
2.336174613539377970e+04
2.087617351500193399e+04
2.356080815060933310e+04
2.488187147076924521e+04
2.257485587024688721e+04
2.394520857238769531e+04
2.407780369345347208e+04
2.784250466791788858e+04
2.448740677960713583e+04
2.340960095755259317e+04
2.536918732007344443e+04
2.361370702234904093e+04
2.462094545968373495e+04
2.346211201826731485e+04
2.565146442413330078e+04
2.214163778368632120e+04
2.318210535240173340e+04
2.561537334918975830e+04
2.454372227573394775e+04
2.423923607858021933e+04
2.738440177949269491e+04
2.262282096449534220e+04
2.623018370469411093e+04
2.551953194014231485e+04
2.575435365422566611e+04
2.196040275128682333e+04
2.604176587613423544e+04
2.200427875041961670e+04
2.271188753318786621e+04
2.429404605770111084e+04
2.566600090789794922e+04
2.212156757831573486e+04
2.408683626238505167e+04
2.219115357685089111e+04
2.235198733234405518e+04
2.383795636653900146e+04
2.151415604623158652e+04
2.487924649715423584e+04
2.364446726067860800e+04
2.456332161172230917e+04
2.096539374637603760e+04
2.437548537413279337e+04
2.183853263378143311e+04
2.464339552783966064e+04
2.172223925018310547e+04
2.433443336296081543e+04
2.438301948738098145e+04
2.507474813270568848e+04
2.518040630467732626e+04
2.289101324081420898e+04
2.565407630443572998e+04
2.467792590363820273e+04
2.195585936387379843e+04
2.641109525044758993e+04
2.368018506940205771e+04
2.753213975334167480e+04
2.480491462484995645e+04
2.433145706431071085e+04
2.222585601933797079e+04
2.225373813788096231e+04
2.324968858369191366e+04
2.109839588483174521e+04
2.243147262668609619e+04
2.302831754080454630e+04
2.329980050436655802e+04
2.388831827735900879e+04
2.697764095624287802e+04
2.386114672724406046e+04
2.358913711134592813e+04
2.261339453315734863e+04
2.297771003500620645e+04
2.356270906257629395e+04
2.398490125242869181e+04
2.608369203821818155e+04
2.445749414634704590e+04
2.521442537975311279e+04
2.271048381837208944e+04
2.599904335943857950e+04
2.469286903063456339e+04
2.587916689650217813e+04
2.260048552385966104e+04
2.426018405787150186e+04
2.283745561917622763e+04
2.308244482358296591e+04
3.215098820082346720e+04
3.215452625815073770e+04
3.537181374073028564e+04
2.991752368640899658e+04
3.071174719111124796e+04
3.130087855180104452e+04
2.833486496829986572e+04
3.317306692695617676e+04
3.071067151832580566e+04
2.529380506674448770e+04
3.307144071706136310e+04
2.763915055592854696e+04
2.853080942503611368e+04
3.098980298105875772e+04
3.245244236596425253e+04
2.987605816682179648e+04
3.031423034350077432e+04
2.917542441240946573e+04
3.233313291867573935e+04
2.944533979320526123e+04
3.181065736039479452e+04
3.331062389914194500e+04
3.186882008520762247e+04
2.981482018756866455e+04
2.909894237995147705e+04
3.373850541559854901e+04
3.190628354644775391e+04
2.929447451877593994e+04
2.804938290913899618e+04
2.977125836563110352e+04
3.187101713053385538e+04
3.131571112855275351e+04
3.521612051741281903e+04
3.180262532234191895e+04
3.441248986530303955e+04
3.413999016666412354e+04
3.077539319547017294e+04
3.373933430989583576e+04
3.211532571760813516e+04
3.004336695384979248e+04
3.120380340512593466e+04
2.903011273511250693e+04
3.203118692302703857e+04
3.191734863694508749e+04
2.849238848781585693e+04
3.178098676300048828e+04
3.139553949228922647e+04
3.215296588102976602e+04
2.684372152360280234e+04
3.203366308911641318e+04
3.214143018468220907e+04
3.020402691809336466e+04
2.839729345035552979e+04
3.274243100674946982e+04
3.158308922640482706e+04
2.975367892551422119e+04
3.282910810979207599e+04
3.265436218007405478e+04
2.862078714974721152e+04
2.961913971646626669e+04
2.796497297509511191e+04
2.893552429707844931e+04
2.880492264366149902e+04
2.915921866798400879e+04
2.558998315715789795e+04
3.079062201817830282e+04
2.864396373335520548e+04
2.852527019850413126e+04
3.068022319761912149e+04
3.040907468668619913e+04
2.567738082313537598e+04
2.833105077298482138e+04
2.648946437549591064e+04
3.038640990034739298e+04
3.216230389372507852e+04
3.197381125322977823e+04
2.975476277701060098e+04
3.323855466143289959e+04
3.329086575794219971e+04
3.325413877646128094e+04
3.277107735856374347e+04
3.436359761714935303e+04
3.276274396673838419e+04
2.978923094240824503e+04
3.244850187174479288e+04
3.201967168903350830e+04
3.288064012654622638e+04
3.145798893451690674e+04
2.975382477823893350e+04
3.087641181914011759e+04
3.229344531154632568e+04
3.490204495143890381e+04
3.174529583263397217e+04
3.307205168692270672e+04
2.843617220306396484e+04
3.152194440237681192e+04
3.241754157765706259e+04
2.723527385107676309e+04
3.231824649937947470e+04
3.238079961395263672e+04
4.198678162447611248e+04
3.923625573285420978e+04
3.708159783363342285e+04
3.904674790573120117e+04
3.887668352063497150e+04
3.761361955992380535e+04
3.973045492076873779e+04
3.807704887262979901e+04
3.760599240366617596e+04
3.960401267528533936e+04
4.019698525746663654e+04
3.593875383822122967e+04
3.713113424650827801e+04
4.058197087033589924e+04
3.681067924626668537e+04
3.517188515981038654e+04
4.051903192520141602e+04
3.837223461182912433e+04
3.841770439275106037e+04
3.318762420558929443e+04
3.571236070823669434e+04
3.793173592917124188e+04
3.797708772277832031e+04
3.455278727181752765e+04
3.493438458538055420e+04
3.820928828970590985e+04
3.277074788284301758e+04
4.055000166670481121e+04
3.829842068672180176e+04
3.976383472410837567e+04
3.630220848782857502e+04
3.371926890087127686e+04
3.981218607457479084e+04
4.092027893352508545e+04
4.235735336112976074e+04
3.716348868147531903e+04
3.833501898543039715e+04
4.116526863861083984e+04
3.471732813962300861e+04
3.496759592660268390e+04
3.968162440649668133e+04
3.709159942372640216e+04
4.109616097386678302e+04
3.778454777463277424e+04
3.788280148824056232e+04
4.141116269397735596e+04
4.223351047102610028e+04
3.778156595547994220e+04
3.774751155948638916e+04
3.520626581350962078e+04
3.907564848709106445e+04
3.731383124065399170e+04
4.088230518817901611e+04
3.889919414679209149e+04
3.587907358932495117e+04
3.819749372927347576e+04
3.463917569986978924e+04
4.053790683237711346e+04
3.892850791136423504e+04
3.940784093189239502e+04
4.038114637374877930e+04
3.981781603908538818e+04
3.737871618779500568e+04
3.409110901260375977e+04
3.739970324611663818e+04
4.118569292100270832e+04
3.898723117701212323e+04
3.712140867201486981e+04
3.714454304218292236e+04
3.253442962996165079e+04
3.709994054381052410e+04
3.949109832827249920e+04
4.204373003228505695e+04
3.759502266089121258e+04
3.734525926113128662e+04
3.470397565650939941e+04
3.867429838593801105e+04
4.126174210898081219e+04
4.029865981165567791e+04
3.604804911009470379e+04
3.393826228841146076e+04
3.735619534715016925e+04
3.695644766171773517e+04
3.875667979240417480e+04
3.731306094042459881e+04
4.007150493240356445e+04
3.705561847464243328e+04
3.838838225968679035e+04
4.142734360376993573e+04
4.053709615421295166e+04
3.676326320584615314e+04
4.072739021905263508e+04
3.791415203634897625e+04
4.070535889116922772e+04
3.907427428913116455e+04
4.017700046984354412e+04
4.094266907978057861e+04
3.957583644199371338e+04
3.713151766935984051e+04
3.806932064914703369e+04
3.730178059705098713e+04
3.554553891436258709e+04
3.966457695770263672e+04
3.727350273863474285e+04
4.076553810946146405e+04
3.600571444733937824e+04
3.775240755303701008e+04
4.311503048261006916e+04
3.533013698927561200e+04
3.513030813884735107e+04
3.764101386165618896e+04
3.944628211275736248e+04
3.930591672833760822e+04
3.942694839604695881e+04
3.890022662734985352e+04
3.596584716542562091e+04
3.284365251922607422e+04
3.745673010190328205e+04
3.591693483797708905e+04
3.999693141174316406e+04
3.171290292040507120e+04
3.797425653330484784e+04
4.127203888988494873e+04
3.536464735031127930e+04
3.534490037568410480e+04
3.900925481287638104e+04
3.789878848075866699e+04
3.776260778840383136e+04
3.550600998147328937e+04
3.896389360841115558e+04
3.868028981908162677e+04
4.061551807626088703e+04
4.185671289984384930e+04
3.583359915033975994e+04
3.532215431817372883e+04
3.899366108322143555e+04
3.799676126893361652e+04
3.584030355739593506e+04
4.090607633749643719e+04
3.374992648728688800e+04
3.570985118834177410e+04
3.787015817610422528e+04
3.992599407227834308e+04
4.134051665973663330e+04
4.395421651077270508e+04
3.760382469813028729e+04
3.828263792737325275e+04
4.202274319744110107e+04
3.661678279018402100e+04
4.427461557261148846e+04
4.000598495546976483e+04
3.810377525043487549e+04
4.266106949806213379e+04
3.943480683708190918e+04
3.827630916118621826e+04
4.125386516284942627e+04
4.041209172789255535e+04
4.002916611289978027e+04
4.240325642299652100e+04
3.677796711444854736e+04
3.928013561630249023e+04
3.977127923679351807e+04
4.081573043886820233e+04
3.889418908309936523e+04
3.645082505893707275e+04
3.825520104630788410e+04
4.440393517875671387e+04
4.050709227689107502e+04
4.059854385693868244e+04
4.005502734915415203e+04
3.860616552225748455e+04
3.396246425565084064e+04
4.139947782739003742e+04
3.856549623107910156e+04
3.804934295558929443e+04
3.913657594776153564e+04
3.894249806817372883e+04
4.175504064464569092e+04
3.873798908106485760e+04
3.964388238684336102e+04
4.061535776678720867e+04
4.089602799924214924e+04
3.718305249563852703e+04
4.022345210615793621e+04
4.000224767525991047e+04
3.891039602375030518e+04
4.026901007684072101e+04
4.081365735149383545e+04
3.684113987318674481e+04
4.154993119017282879e+04
4.068039589595794678e+04
3.869372368081410968e+04
3.942337502161661541e+04
4.034478239250183105e+04
4.200119294865926349e+04
3.864020183245340741e+04
3.808194939549764240e+04
3.722271993732452393e+04
4.261223939164479816e+04
3.878859325091043866e+04
3.515353413899739826e+04
3.902827061176300049e+04
3.648759528541564941e+04
3.913324853070577228e+04
3.606680356407165527e+04
3.915368262386322021e+04
3.777614068539937580e+04
3.708415598678588867e+04
4.030369896062215412e+04
4.017051890277862549e+04
3.779123152414957440e+04
3.834657387351989746e+04
4.019044902960459149e+04
3.956255036163330078e+04
3.665844117005666340e+04
3.503792406145731366e+04
3.785026792716979980e+04
4.117156616369882977e+04
3.574025408840179443e+04
3.755171148077646649e+04
3.901288945102691650e+04
3.598397277196248615e+04
3.913759799734751141e+04
4.041631405957540119e+04
3.732509505494435871e+04
3.854905452569326008e+04
4.286474323368072510e+04
3.835979400030771649e+04
3.694510569826761639e+04
3.658419031461080158e+04
3.601033422724405682e+04
3.530154908148447430e+04
3.868829468790689862e+04
3.753883704916635907e+04
4.129815555254618084e+04
4.097628716023763263e+04
3.642741693846384442e+04
4.051093569405873859e+04
4.120427370166778564e+04
4.076305561923980713e+04
4.376673869705200195e+04
3.939114876556396484e+04
4.083562846501668537e+04
3.913229905223846436e+04
3.786622474034627521e+04
3.819442746575673664e+04
3.834209530671437824e+04
4.075043530273437500e+04
4.151353171920776367e+04
3.962620279788970947e+04
3.957913594881693280e+04
3.876114901351928711e+04
3.742757574939727783e+04
4.138149064731597900e+04
4.228445056502024090e+04
4.051386590957641602e+04
4.034213540935516357e+04
3.812123335425058758e+04
3.689959619045257568e+04
3.819241137504577637e+04
3.598233912022908771e+04
4.067059835275014484e+04
4.164164742787679279e+04
3.855366380723317707e+04
3.657274027633666992e+04
3.729213777510324871e+04
3.726810379473368084e+04
4.164760315926869953e+04
3.914491697883605957e+04
3.767603160889943683e+04
3.806375738461812580e+04
3.889762114524841309e+04
3.671502227274576580e+04
3.725053609466552734e+04
4.124532133992513263e+04
4.147219939041137695e+04
4.048495059680938721e+04
4.088452668317159259e+04
4.243192302258809650e+04
3.968811166858673096e+04
4.433691153494516766e+04
3.938053701623281086e+04
4.045510662174224854e+04
4.065733950964609539e+04
4.213158683999379718e+04
4.392855727195739746e+04
4.310278625551859295e+04
4.072126018238067627e+04
3.828980114841461182e+04
4.253545166969299316e+04
3.711452218468984211e+04
4.157604968738555908e+04
3.909896469688415527e+04
4.095289428647359455e+04
4.073071255556742108e+04
3.792297484842935955e+04
3.973567192872365558e+04
4.389645699278513348e+04
4.117633058547973633e+04
4.225130789311727131e+04
3.779124470361074054e+04
3.426381228637695312e+04
4.178830740102132404e+04
3.733594377104441082e+04
4.065232236003875732e+04
4.243813270950317383e+04
4.182009826691945636e+04
4.062086875343322754e+04
4.094523035812377930e+04
3.798248084036508953e+04
3.789240014616648114e+04
3.678715088176727295e+04
3.565045487340291584e+04
4.115420178540547931e+04
3.796176980559030926e+04
3.603920569705963135e+04
3.421490683905283367e+04
3.685424674638112629e+04
3.837385695457458496e+04
3.875352034982045734e+04
3.784423261642456055e+04
3.600310011100769043e+04
3.815486910947164142e+04
3.569929627736409748e+04
4.190612278874715412e+04
4.017899301878611004e+04
3.788700757408142090e+04
3.853868189684549725e+04
4.055355155467987061e+04
3.771706171735128009e+04
3.914611004861196125e+04
3.778567853800455487e+04
4.100355827999114990e+04
3.988631369654337323e+04
4.013627053674062336e+04
3.846541471163431561e+04
4.047174864355722821e+04
3.515251979796091473e+04
3.673761756801605225e+04
3.853697779146829998e+04
4.226398284371694172e+04
3.712325433031717694e+04
4.071294052632649982e+04
3.928848603820800781e+04
3.765187514241536701e+04
3.789894142055511475e+04
4.075800439961751545e+04
4.043217862923940265e+04
3.679443495496114338e+04
3.687215066719055176e+04
4.145591514968872070e+04
3.926137029679616535e+04
4.143012434101104736e+04
3.750532901732126629e+04
4.182711684417724609e+04
4.041318542798360431e+04
4.061916106192270672e+04
3.887634503936767578e+04
3.738273995081583416e+04
3.907155941677093506e+04
3.726233174864450848e+04
3.471675073051452637e+04
4.064199830563863361e+04
3.528468353048960125e+04
3.490922771994272625e+04
3.854305484294891357e+04
3.858917020861307537e+04
3.487392952410379803e+04
3.366266880385080731e+04
3.708057343133290851e+04
3.658769432735443115e+04
3.776935547637939453e+04
3.503883763249715412e+04
3.547111874675750732e+04
3.741871824709574139e+04
3.586548637294769287e+04
4.021662887859344482e+04
3.770153738784790039e+04
3.857652480538686359e+04
4.070296607208251953e+04
4.034884719435373700e+04
3.835299508635202801e+04
4.332969537385305011e+04
3.999391318289438641e+04
3.764165808550516522e+04
3.872123740832010662e+04
3.619540423520406330e+04
3.721395077292124188e+04
4.186365360005696857e+04
3.582912296772003174e+04
3.949691396999359131e+04
4.203297582340240479e+04
4.117038053544362629e+04
3.996528471565246582e+04
3.745630771191915119e+04
3.589488027731577313e+04
3.724937965361277020e+04
4.278255177307128906e+04
4.030169187005361164e+04
4.023687153625488281e+04
4.190104597155252850e+04
4.122443248939514160e+04
3.879156979497274006e+04
4.121003676668802655e+04
3.711368945980072021e+04
3.456087334060668945e+04
4.003765304565429688e+04
3.933986641120910645e+04
3.975947090403238690e+04
3.708901293977101886e+04
4.102142658456166828e+04
3.922997930240631104e+04
3.640259071254730225e+04
3.862783921019236004e+04
3.781833433405558026e+04
3.687281085681915283e+04
3.538440449523925781e+04
3.678877541383107746e+04
3.900402486133575439e+04
3.985739623864492023e+04
3.562075885391235352e+04
4.066980777804056561e+04
3.589216562652587891e+04
3.648586396789550781e+04
3.372052430884043133e+04
3.538145191764831543e+04
3.490881743462880695e+04
3.534141812642415607e+04
3.707736034552256024e+04
3.600017006524404133e+04
3.857092940394083416e+04
4.234731477451324463e+04
3.785612358061472332e+04
3.897858850765228271e+04
3.625989664141336834e+04
3.774410075600942218e+04
3.506584354750315106e+04
3.356940687688191974e+04
3.516567294438680256e+04
3.662792448234558105e+04
3.456731993198394775e+04
3.716942647298177326e+04
3.298245891412099445e+04
3.554075296847025311e+04
3.734096735159555828e+04
3.791072754160562909e+04
4.043770107396443927e+04
4.237094199053446209e+04
4.152556387488047039e+04
3.770279821077982342e+04
3.868665654404958332e+04
3.702966034475962078e+04
4.214135894616445148e+04
3.502678910191854084e+04
3.834155412737528241e+04
3.918971076202392578e+04
3.860706698608398438e+04
4.294499834187825763e+04
4.202461651706695557e+04
3.843658492501576984e+04
3.510694089063008869e+04
3.876056825288137043e+04
3.939732994524637616e+04
4.119194467099507892e+04
3.862772950776418293e+04
3.800491380310058594e+04
4.006151925341288006e+04
4.109154215367635334e+04
3.919934581502278888e+04
3.809100513871511066e+04
3.787094166501363361e+04
3.906420533275604248e+04
4.046108245944976807e+04
3.504883338197072590e+04
4.049233714071909344e+04
4.141171855990091717e+04
3.923983243751525879e+04
3.988853152561187744e+04
3.557552695592244709e+04
4.011791144593556965e+04
3.892473850758870685e+04
3.822349368476867676e+04
3.858378995895385742e+04
3.617595515791574871e+04
3.336169012482961261e+04
3.671477731577555096e+04
4.039264155228932941e+04
3.417864659754434979e+04
3.335954630374908447e+04
3.942003636074066162e+04
3.534116070143381512e+04
3.915494242254892742e+04
3.292410249265035236e+04
3.788037544250488281e+04
3.405790781370798504e+04
3.610794209988912189e+04
3.596928143405914307e+04
3.437894646581014240e+04
3.792713758786519611e+04
3.741945384883880615e+04
3.598770423730214679e+04
3.849186518224080646e+04
3.531404468154907227e+04
3.868844630050659180e+04
3.272439109770457071e+04
3.898768758932749188e+04
3.403477809588114178e+04
3.770198208681742108e+04
3.431833059088388836e+04
3.358732738399505615e+04
3.243581101608276367e+04
4.147809039815267170e+04
3.965378231779734051e+04
3.663234361235300457e+04
3.941104060173034668e+04
3.759280133152008057e+04
3.444659797318776691e+04
4.041006526533762371e+04
3.887529429976145184e+04
3.977130932617187500e+04
3.649435856978098309e+04
3.751327729098001873e+04
3.713811334451039875e+04
3.561883318010965741e+04
3.661457462310791016e+04
3.840724272569020832e+04
3.522308474254608154e+04
3.604938613319396973e+04
3.947786715030670166e+04
3.901919689528147137e+04
3.817168313821157062e+04
3.747398597844441974e+04
3.358337661488851154e+04
3.751857267920175946e+04
3.520322110811869061e+04
3.410410662110646808e+04
3.958718825149536133e+04
3.882790959421793377e+04
3.717976023070017254e+04
3.696217563406626141e+04
3.652620859432220459e+04
3.407821492385864258e+04
3.599367817910512531e+04
3.637800660737355793e+04
3.599609656047821045e+04
3.820355619017282879e+04
3.803312825838724530e+04
3.658479509703318035e+04
4.023110415331522381e+04
4.132150379244486248e+04
3.799955635166168213e+04
3.702043296813964844e+04
3.782634639199575031e+04
3.647478499984741211e+04
3.510183228174845135e+04
3.714161702696482098e+04
3.603846768665313721e+04
3.468711187108357990e+04
3.864021957683563232e+04
3.476761845270792401e+04
3.747362206427256024e+04
3.510619349129994953e+04
3.705790935357411945e+04
4.071367088603973389e+04
3.633034068234761799e+04
4.030922710673014080e+04
3.928556756083170330e+04
3.979547462399800861e+04
3.897963665294647217e+04
3.744777084223429119e+04
4.021635263951619709e+04
4.116585104052225506e+04
3.659189416281382000e+04
4.141538970311482990e+04
3.665313755893707275e+04
3.956303869406382000e+04
3.888134604612986004e+04
3.813440708446502686e+04
3.775232056649526203e+04
3.919116493733724201e+04
3.903677806790670002e+04
3.664274790255228436e+04
3.869992402267456055e+04
3.740316121228536213e+04
4.112674499893188477e+04
3.479620251528421795e+04
4.135179032929738605e+04
3.767976337242126465e+04
3.945226957511901855e+04
3.943881233501434326e+04
3.973690140374501789e+04
3.811480906899770343e+04
3.673612691879272461e+04
3.946099817848205566e+04
3.467227012761434162e+04
3.520544632911682129e+04
3.561451037851969159e+04
4.106260332584381104e+04
3.687082168420156086e+04
4.313153968461354816e+04
4.069727170467376709e+04
3.370005849297841633e+04
3.773628514480590820e+04
4.021237466462453449e+04
3.656843498420715332e+04
3.739679708035787189e+04
3.844638553492227948e+04
3.421342312113443768e+04
3.801131460126241291e+04
4.055210095723470295e+04
4.000924532572428143e+04
4.225606604194641113e+04
4.339331364822387695e+04
3.680154601192474365e+04
3.668802500915527344e+04
3.845303801472982013e+04
3.502914702574411785e+04
3.950435295899709308e+04
4.040933704090118408e+04
3.968649999205271160e+04
3.936816915035247803e+04
3.645471309884389484e+04
4.103131455421447754e+04
3.392015932083129883e+04
4.015764912668863690e+04
3.940849004809061444e+04
3.712816850948333740e+04
3.785660411135355389e+04
3.755416786861419678e+04
3.740478450711568439e+04
3.703988781929016113e+04
3.811615947405496991e+04
3.766359453932444012e+04
3.456130773671468341e+04
3.874829538567861164e+04
3.791992719205220783e+04
3.876720131015777588e+04
3.978163073984781659e+04
4.370589332358042157e+04
3.255789131768544394e+04
3.950339187431335449e+04
3.806638115247090900e+04
3.802129655011495197e+04
3.584074410629272461e+04
3.605382282702127850e+04
3.579883375263214111e+04
3.780282541497548664e+04
3.800270368289947510e+04
3.694567555840810383e+04
3.679468378257751465e+04
3.948393453756967938e+04
3.767142370891571045e+04
3.755181667804718018e+04
3.517405818812052166e+04
4.030798556327819824e+04
3.864694481309255207e+04
3.821165376790364826e+04
3.776819348017374432e+04
3.996826075776418293e+04
3.786183409277597821e+04
3.880997219912210858e+04
4.045500656795501709e+04
3.849929193687438965e+04
4.357083202203115070e+04
4.197374609120687091e+04
3.767613508001963055e+04
3.750428659502664959e+04
3.958575952021280682e+04
3.695121382586161053e+04
3.889660469436645508e+04
4.200650170262654865e+04
4.219491668605804443e+04
3.856051502958933270e+04
3.936743257808685303e+04
3.827153401788076008e+04
3.859095990212758625e+04
4.162009381961822510e+04
4.085638126309712970e+04
3.671430644035339355e+04
3.553879991658528888e+04
4.303175263436635578e+04
3.573290961456298828e+04
3.858191131973266602e+04
4.034477293109893799e+04
3.881330882485707843e+04
3.890159888648986816e+04
4.444057929706573486e+04
4.063140773932138836e+04
3.805394327227274334e+04
3.686347415288289631e+04
4.434559711201985920e+04
4.061576925182342529e+04
4.367772186120351398e+04
3.805598025830586994e+04
4.166328217220306396e+04
3.703158584562937176e+04
3.630423761113484943e+04
3.910950531864166260e+04
3.917902648512522137e+04
4.057640671857198322e+04
4.646060050964355469e+04
4.462014145469665527e+04
4.116545197455088055e+04
4.494334163475036621e+04
4.035205114873250568e+04
4.048224499988555908e+04
4.506872220102945721e+04
4.060199676926930988e+04
3.733811904398600018e+04
4.284856304232279217e+04
4.203468390432993328e+04
3.841345404307047284e+04
4.364238299369812012e+04
3.891007074642181396e+04
4.263792358907064045e+04
3.982787049929300701e+04
4.348531729412078857e+04
3.657558493963877117e+04
4.496194065507253254e+04
4.309470161247253418e+04
4.134836256122589111e+04
3.920945649560292804e+04
4.024620624891916668e+04
4.331769915326436603e+04
4.206529982058206951e+04
4.312347236537933350e+04
4.194093272781372070e+04
4.896300134785970295e+04
4.154582346852620685e+04
3.854276465606689453e+04
4.065008515262603760e+04
4.295983195590972900e+04
4.640716656525930011e+04
4.078754672908782959e+04
4.154159634621938312e+04
4.052455131022135174e+04
4.749803565979003906e+04
4.197802847766876221e+04
4.134307016658782959e+04
4.708154602336883545e+04
4.194373592758178711e+04
3.894277803071340168e+04
4.561086873499552166e+04
4.148882485167185223e+04
4.385595630391439045e+04
4.255899330488840496e+04
4.260080062580108643e+04
4.136185118738809979e+04
4.291243154017130291e+04
4.220358663018544758e+04
4.477068413829803467e+04
4.299584111086527264e+04
3.935250695355733478e+04
4.418324034722646320e+04
4.429194605191548908e+04
3.725241861120859539e+04
3.800891783173879230e+04
4.479912079397837078e+04
3.722000092601776123e+04
4.651981789334615314e+04
4.168478829860687256e+04
3.964132441393534100e+04
3.995925317764282227e+04
3.931490766874948895e+04
4.369426401170095050e+04
3.767959873835245526e+04
3.849207003211975098e+04
4.123768268108367920e+04
3.764471028359731281e+04
4.075259730275472248e+04
4.463317423884073651e+04
4.693719891929626465e+04
4.200571441618601239e+04
3.974513535976409912e+04
4.337369417985280597e+04
4.419998014227548992e+04
3.832130381743112957e+04
4.195529062779744709e+04
4.336085442161560059e+04
4.508906307601928711e+04
4.299220025189717853e+04
4.563126797612508381e+04
4.455868726221720135e+04
4.708042414919535076e+04
4.808462475268045819e+04
3.815183733145395672e+04
4.017162247180938721e+04
4.737979342333475506e+04
4.084204949061075604e+04
4.155261201890309894e+04
4.167030865414937580e+04
3.921015440209706867e+04
4.257791889794667804e+04
4.549334561634063721e+04
4.111947776095072186e+04
4.569415249888101971e+04
3.844563313961029053e+04
4.246153440634409344e+04
4.389237183729807293e+04
3.900559263801574707e+04
5.094306811173757160e+04
4.052246610355377197e+04
4.348238762696584308e+04
4.340495176124572754e+04
4.988951180934906006e+04
4.376219786167144775e+04
4.565413057931264484e+04
5.203718877696990967e+04
4.330248641935984051e+04
4.624630793348947918e+04
4.787043615023294842e+04
4.825865913454691326e+04
4.982266032250722492e+04
4.776003919855753338e+04
5.104010463555654133e+04
4.605200494639078534e+04
4.328890277353922284e+04
4.193987062422434246e+04
4.504994213104248047e+04
4.451128066158294678e+04
4.003185683600107586e+04
4.463131990941365802e+04
4.045237590154012287e+04
4.288352020009358966e+04
4.422690346050262451e+04
4.911221940485636151e+04
4.540614541753133381e+04
4.454380318260192871e+04
4.414288652133941650e+04
4.762903690592447674e+04
4.146189723141988361e+04
4.614010517787933350e+04
4.554314020220438397e+04
5.162758430067697918e+04
4.839932484118143475e+04
4.377318343416849530e+04
4.429973178799947345e+04
5.107759554640451825e+04
4.866870890712738037e+04
4.352962983544667804e+04
4.544276745414733887e+04
4.746314529959360516e+04
4.619358218574523926e+04
4.959433739884694660e+04
4.575985733922322834e+04
4.805474282836914062e+04
4.412690676498413086e+04
4.620273224798838055e+04
4.591534877808888996e+04
4.901027496623992920e+04
4.221951064618428791e+04
4.613619052823384845e+04
4.218572733624776447e+04
4.592750244490305340e+04
4.327438824907938397e+04
4.718783218955993652e+04
4.391717274824777996e+04
4.485040411313375080e+04
4.899782939656575763e+04
5.162143700981140137e+04
4.954535178343454754e+04
4.765963630962371826e+04
4.614030290508270264e+04
5.169394730186462402e+04
4.590533259169260418e+04
4.413057702191670978e+04
4.362856240431467450e+04
5.027099546686808026e+04
5.077401248804727948e+04
4.471880878829956055e+04
4.577981885337829590e+04
4.248218993345896160e+04
4.709776829401651776e+04
5.272874201838175213e+04
4.654116478188832843e+04
4.910392837492624676e+04
4.180467633851369465e+04
4.296814529418945312e+04
4.887791602897644043e+04
4.530557577228546143e+04
4.485100169308980549e+04
5.039157877922058105e+04
4.665360721429189289e+04
4.540520386791229248e+04
4.894642405382791912e+04
5.111830188528696453e+04
4.355242914072672284e+04
4.586167276446024334e+04
4.718665382766723633e+04
4.699676953029632568e+04
5.031776437918344891e+04
4.652817310269673908e+04
4.738283745702107990e+04
3.993515670045217121e+04
4.739115354188283527e+04
4.867201810614267742e+04
4.260188303120931232e+04
4.715533488400777424e+04
4.672932196362813556e+04
4.625059425862630451e+04
4.333280614344278729e+04
4.736715986251831055e+04
4.577240502357482910e+04
4.754744177532196045e+04
5.160789858563741291e+04
5.019394403616587078e+04
4.900695752620697021e+04
4.341170481173197186e+04
4.725737384859720623e+04
5.211422046502431476e+04
4.909014899444580078e+04
4.741828398450215900e+04
4.272661487833658612e+04
4.771800014400482178e+04
4.363787078444162762e+04
5.258924981276194012e+04
4.822819635200500488e+04
4.341687472947438800e+04
4.959766516113281250e+04
4.786556844584146893e+04
4.442180679543813312e+04
4.534730686855316162e+04
4.103267218271891034e+04
5.037407605520883953e+04
4.327794406223297119e+04
4.785760523923238361e+04
4.510199135144551838e+04
4.474685348796844482e+04
4.193374308522542560e+04
4.762057006041208660e+04
4.536809960079193115e+04
4.456705705897013104e+04
5.035835539182027424e+04
4.570813128789266193e+04
4.956790660508473957e+04
5.052888580195108807e+04
4.960604590606689453e+04
4.581126307710012043e+04
5.115582568581899250e+04
5.257588928858438885e+04
5.010578856976827228e+04
4.902836835606893146e+04
4.787072059567769611e+04
5.061385117371877277e+04
4.917309144369760907e+04
4.496167350260416424e+04
4.867073229312896729e+04
4.010454009946187580e+04
4.844987222067514813e+04
4.593843959522247314e+04
4.232616356182098389e+04
4.290495904763539875e+04
4.648035646661122883e+04
4.408815702756246174e+04
4.573022435760498047e+04
5.138188843409220135e+04
5.250669163990020752e+04
4.848096074994405353e+04
4.939696868960062420e+04
4.508150042978922284e+04
4.977581012026468670e+04
4.669796968873342121e+04
4.347243452930450439e+04
4.566162129052480304e+04
4.724875323454538739e+04
4.621559846909841144e+04
5.274573385270436847e+04
4.837398850504557049e+04
4.221612987041473389e+04
4.666828030745188153e+04
4.756709148915608966e+04
4.519496069463094318e+04
4.250179652913411701e+04
4.333549177074432373e+04
4.652016837692260742e+04
4.384233606338500977e+04
4.548803662204742432e+04
4.027514789485931396e+04
4.331291227722167969e+04
4.519103762213388836e+04
4.421546511014302814e+04
4.315932887935638428e+04
4.176704662164052570e+04
4.295870162010192871e+04
4.676661015796661377e+04
4.560970271174112713e+04
4.434770712121327961e+04
4.385789648151397705e+04
4.303092852401733398e+04
4.338898190879821777e+04
4.541519063091278076e+04
4.746447644678751385e+04
5.850406084410349285e+04
4.438512514527638996e+04
4.403677752876281738e+04
4.772152826849619305e+04
4.861439700063069904e+04
4.570351450697580731e+04
4.471298285770416260e+04
4.951347328344980633e+04
4.176578148714701092e+04
4.833317244593302166e+04
4.728559062035878742e+04
4.137351659425099933e+04
4.747796949195861816e+04
5.288358865578969562e+04
4.557087706438700116e+04
5.428900122229257977e+04
4.937405453872680664e+04
4.694564349873860920e+04
5.057597317218780518e+04
5.227221519502004230e+04
4.985930918184915936e+04
4.875636605040232098e+04
4.966965127722422039e+04
4.755487029298146808e+04
5.055895846048990643e+04
5.084547415351867676e+04
4.401768756167093670e+04
4.498120128822326660e+04
4.731866441249847412e+04
4.514460251617431641e+04
4.227397784805297852e+04
4.092186420249938965e+04
4.810233985328674316e+04
4.488302094268798828e+04
4.416448760732015216e+04
4.561158923371633136e+04
3.794503020509084308e+04
4.884177451070149982e+04
4.656471628538767254e+04
4.234613327916463459e+04
4.398067715104421222e+04
4.097873985544840252e+04
4.340352099545796955e+04
3.999330071226755535e+04
4.596221329148610675e+04
4.722271171538034832e+04
4.618807381057739258e+04
4.943563880030313885e+04
4.248164002354940021e+04
4.665596671613057697e+04
4.445339307085672772e+04
4.131719848251342773e+04
4.700356035105387127e+04
4.764310024452209473e+04
4.898952075354257977e+04
4.254600332037607586e+04
4.359684623432159424e+04
4.698552037525177002e+04
5.114759355799356854e+04
4.790683448060353840e+04
3.953842632102966309e+04
3.949854664802551270e+04
4.564817814540863037e+04
4.392579091262817383e+04
4.389893404992421711e+04
4.500702591546376789e+04
4.924117503166198730e+04
4.363008831183115399e+04
4.626984570089975750e+04
4.808917763328552246e+04
5.302806981245676434e+04
5.441446109422048175e+04
4.584889883708953857e+04
5.017538384056091309e+04
4.932508161067962646e+04
4.853594186782836914e+04
4.949357363192240155e+04
5.223467537053426349e+04
4.220170538234710693e+04
4.867881000582376873e+04
4.699045542589823162e+04
5.060357225100199139e+04
5.085990558687845623e+04
4.629719962088266766e+04
4.532314140955606854e+04
4.572177642981211102e+04
4.048775938288370526e+04
4.623240864086151123e+04
4.577119212309519207e+04
4.660360680675506592e+04
4.550622046248117840e+04
4.507180464712778485e+04
4.805822354729970539e+04
4.279830269559224689e+04
4.823532615311940754e+04
5.020770324929555500e+04
5.094720705668131268e+04
5.121701745382944500e+04
4.602646567598978436e+04
4.497115540568033612e+04
5.562286911646524823e+04
4.985698229948679364e+04
4.675410447851816571e+04
5.138739197095235431e+04
4.881101982847849285e+04
4.726865431753794110e+04
5.011411677900949871e+04
5.107754566987355793e+04
4.046575627962747967e+04
4.049881411647796631e+04
3.715110699431101239e+04
4.320942287731170654e+04
3.909735853862762451e+04
4.294206792227426922e+04
4.067737875747680664e+04
4.057763642311096191e+04
4.048960658550262451e+04
3.462504017194112384e+04
4.263635571893056476e+04
3.844316872978210449e+04
4.400078918647766113e+04
4.821711342112223065e+04
4.994886185487111652e+04
4.508174248536428058e+04
4.325816691303253174e+04
4.343041322612762451e+04
4.128038821411132812e+04
4.123206806659698486e+04
4.220117279338836670e+04
4.783448442459106445e+04
4.908735743586222088e+04
4.003779682954152668e+04
4.094757766755422199e+04
4.395922950903574383e+04
4.581001019446054852e+04
4.297247673956552899e+04
4.544139407030741131e+04
4.311749082374572754e+04
3.940995748297373211e+04
4.588254583072662354e+04
4.603431635252634442e+04
4.473140899213155353e+04
4.660227216402689373e+04
4.422919022369384766e+04
4.115671652475992596e+04
4.388481176122029865e+04
4.061061209424336994e+04
3.852537535127004230e+04
4.920260879294077313e+04
4.059156947612762451e+04
3.901960464541117108e+04
4.629943322881063068e+04
4.683573893515268719e+04
4.265591185919443524e+04
3.937580504067739093e+04
4.778616027577718341e+04
4.439913342825571453e+04
4.413499632708231366e+04
4.339228217252095783e+04
4.116816228930155194e+04
4.983520465977986896e+04
4.368890584341684735e+04
4.383302073733011639e+04
4.896585218238830566e+04
4.369098098405202472e+04
4.323712630558013916e+04
4.639566777515411377e+04
4.601443128013610840e+04
4.961423528512319172e+04
4.685025448385874188e+04
4.536240468819936359e+04
4.344098824914296711e+04
4.411941472180684650e+04
4.036692193953195965e+04
5.002716110610961914e+04
4.341142632166544354e+04
4.347678519948323810e+04
4.773783463795980060e+04
4.153678217760721600e+04
4.691997497018178547e+04
4.365345257949829102e+04
4.433882437896728516e+04
4.934491244570413983e+04
4.656906609280904377e+04
4.507963483937581623e+04
4.079581123034159100e+04
4.081492436981201172e+04
4.298693229198455811e+04
4.135394817034403241e+04
4.089123016579946125e+04
4.357368931007385254e+04
3.781947225538889325e+04
4.238730754343668377e+04
4.624828730233510578e+04
4.479476381460825360e+04
4.744633381239572918e+04
4.291785247548421466e+04
4.848159459972381592e+04
4.641451421197255695e+04
3.901272757784525311e+04
4.234079446760813153e+04
4.560728010590871418e+04
4.394082637882232666e+04
4.542208032067617023e+04
3.967129705715179443e+04
4.493579422473907471e+04
4.562598169676462567e+04
4.635134050051371014e+04
3.864397187455495441e+04
4.041136848799387371e+04
3.980032525761922443e+04
3.829907859802246094e+04
3.988682113647460938e+04
4.066852618376413739e+04
3.351477842426300049e+04
3.486148729451497638e+04
4.107071855608621991e+04
3.784842395528157795e+04
3.660363121382395184e+04
3.620320669714609539e+04
3.991072388744354248e+04
4.058007356770833576e+04
4.056181063429514325e+04
3.431730117766062176e+04
3.488750735346475994e+04
3.352339673201242840e+04
3.839544902992248535e+04
3.655461477406819904e+04
3.954211183770497883e+04
4.046288465849558270e+04
4.098959663454691326e+04
3.333674995676676190e+04
3.405907199160257733e+04
4.280761644395192707e+04
3.842024780019124591e+04
3.675486566321054852e+04
3.808992548878987873e+04
3.583071683533986652e+04
3.829559850883483887e+04
3.709475041389465332e+04
4.181797194321950519e+04
3.795652960522969806e+04
3.668424288908640301e+04
3.446798996957143390e+04
3.699112027963002765e+04
3.691324000326792157e+04
4.242407622305551922e+04
3.331342380046844482e+04
3.703302716096242511e+04
4.024059104092916095e+04
4.004856244850158691e+04
3.544758447742462158e+04
3.940657380358377850e+04
4.026552646891275799e+04
4.054118067073822021e+04
3.780077583599090576e+04
3.524064899094899738e+04
3.800815651384989178e+04
4.210573370965322101e+04
3.735459069728851318e+04
4.059492883078257000e+04
3.851495641581217205e+04
3.350052708212534344e+04
3.982054299132028973e+04
3.572572775204976642e+04
3.599597163327535236e+04
3.657306746768951416e+04
3.682343458811441815e+04
4.180608801396688068e+04
4.106952114359537518e+04
3.670709200763702393e+04
3.932904639116922772e+04
3.864788741715749347e+04
4.151126657104492188e+04
3.974033896605173504e+04
3.814645866171518719e+04
3.840060380617777264e+04
4.096547273953755939e+04
4.305666932678222656e+04
4.070940862719217694e+04
4.189104388427734375e+04
4.512630350907643879e+04
4.159428123760223389e+04
4.190270006752014160e+04
3.793312322044372559e+04
3.844137807051340496e+04
3.806216069889068604e+04
4.641813181877136230e+04
3.715098381805419922e+04
3.859941589864095295e+04
3.775800276883443439e+04
3.871868427848815918e+04
3.382805074659983075e+04
3.276783728313446045e+04
3.249810689036051554e+04
3.422738713550567627e+04
3.755195113118489826e+04
3.857721144898732746e+04
3.319138962904611981e+04
3.342902030404409015e+04
3.390036834430694580e+04
4.165839824867248535e+04
3.640451046117147052e+04
3.593434326521555340e+04
3.605566789468129718e+04
3.922750781250000000e+04
3.825772959136962891e+04
3.974107214069366455e+04
3.071964239247639853e+04
2.990431573677062988e+04
2.755985951709747314e+04
3.268086889108021933e+04
2.952395581181843954e+04
2.888964877382914347e+04
3.044428578408559042e+04
2.862021139717102051e+04
3.026378625710805136e+04
3.225456037743886191e+04
3.134070512866973877e+04
3.232319316927592081e+04
3.277760676829019940e+04
3.181888924948374552e+04
3.110351708189646524e+04
3.286668103599548340e+04
3.486724241574605549e+04
3.119192836093902588e+04
3.042058284314473349e+04
3.617499727376302326e+04
3.369479164250691974e+04
3.293285384782155597e+04
3.324294179185231769e+04
3.103912166531880575e+04
3.013808946768442911e+04
3.352870964749654377e+04
3.138099054876963419e+04
3.171751213328043741e+04
3.410481000328063965e+04
2.952781556701660156e+04
3.456450454171498859e+04
3.330749159653981769e+04
3.599288888263702393e+04
3.357165383815765381e+04
3.304009918880462646e+04
3.263688504950205606e+04
3.489921162637075031e+04
3.531799109236399090e+04
2.855175608380635458e+04
3.017402830251057821e+04
3.041332452233632284e+04
3.475235904375711834e+04
3.305671419874826825e+04
3.029120728302001953e+04
3.085948877175648886e+04
2.993779659048716348e+04
2.890780106894175333e+04
3.124085812250773233e+04
3.058973493162791056e+04
2.979518926016489786e+04
2.909354771232604980e+04
2.969306227429707724e+04
3.126995147228240967e+04
3.064891477998097616e+04
3.088686537392934042e+04
3.381237141100565350e+04
3.109659111626942831e+04
3.080272316805521768e+04
3.239300756390889364e+04
2.923092271741231161e+04
2.985442187563578409e+04
3.435622483825683594e+04
3.010551347255706787e+04
3.473597430451711261e+04
3.148078076140085977e+04
2.854280297565460205e+04
3.438411649322509766e+04
3.682303662840525067e+04
3.133431794516245645e+04
3.690331439844767010e+04
2.999538003667195517e+04
3.195501656309763712e+04
3.901727097511291504e+04
3.793191290505727375e+04
3.034034196790059286e+04
3.176267402966817099e+04
3.274849830563862997e+04
2.769877141729990763e+04
3.487157429059346759e+04
3.658947470696767414e+04
3.145025148804982382e+04
3.968332568105062091e+04
3.653711975129445636e+04
3.280763017177581787e+04
3.383467576376596844e+04
2.989141173680623251e+04
3.228902856794993204e+04
3.093437266222636026e+04
3.128369832388560098e+04
3.155033149846394736e+04
3.249221836217244345e+04
3.035747792593638223e+04
2.965095540142059326e+04
3.111000572172800821e+04
3.116704687595367432e+04
3.027167446263631064e+04
2.912705940373738486e+04
2.881685520267486572e+04
3.230543372313181681e+04
3.235372056293487549e+04
2.800955857213338095e+04
2.914087580076853556e+04
2.808704136180877686e+04
3.169702933120727539e+04
2.985828923352559286e+04
3.043529672368367392e+04
3.077221875794728476e+04
3.065117181396484375e+04
3.151733506615956503e+04
2.768148666477203369e+04
2.937496569856007773e+04
3.385664063549041748e+04
3.216600028101603311e+04
2.935302656873067099e+04
3.006987399895985800e+04
2.735389609909057617e+04
2.808836600049336630e+04
3.056891626294453818e+04
3.017769014739990234e+04
3.153057428042094034e+04
3.033521673901875693e+04
2.621164708010355753e+04
2.536388904984791952e+04
2.895502473576863486e+04
2.678942768891652304e+04
2.560562828699747843e+04
2.715240739313761514e+04
2.880394145234425741e+04
3.256687671343485636e+04
3.032699513403574747e+04
3.005152098019917685e+04
3.052171730295817179e+04
2.832574578825632852e+04
3.324632002321878826e+04
2.959537604618072510e+04
3.074794303258259970e+04
3.062187966823577881e+04
2.766523940881093222e+04
2.919128283500671387e+04
3.059026503403981405e+04
3.290713345877329266e+04
3.165453859011332315e+04
2.896560575008392334e+04
3.365706811428070068e+04
3.103370062160491943e+04
3.332331917254129803e+04
2.814325083891550821e+04
2.795911873308817667e+04
2.971198774846394736e+04
3.054696302000681681e+04
2.397952769788106161e+04
2.663129194291432577e+04
3.124017060025532919e+04
3.038854168478647989e+04
2.866915484714508057e+04
2.997402022329966348e+04
2.809245650990803915e+04
3.026099594179789347e+04
3.186465155156453329e+04
2.986545160325368124e+04
2.872468233521779257e+04
3.100167424678802490e+04
2.764986768436431885e+04
2.965145341904957968e+04
3.117383613141377646e+04
2.920900944137573242e+04
2.947630023256937784e+04
3.006485191472371298e+04
3.037161267979939657e+04
2.893844714291890341e+04
3.068049291388193888e+04
2.983426250330607218e+04
2.873711540603637695e+04
3.184631914488474649e+04
2.938528481070200723e+04
3.086431949234008789e+04
3.190092530600230020e+04
3.204673738892873007e+04
3.152423257605234903e+04
2.866955843416849893e+04
2.777656413682301718e+04
2.956778652064005655e+04
2.636335690402984619e+04
2.621437248261769491e+04
2.894477404212951660e+04
2.944270158704121786e+04
3.055918579006195068e+04
2.643271398798624796e+04
2.744697423108418661e+04
2.747648976898193359e+04
2.825911457792918009e+04
3.200408784866333008e+04
2.661788115978240967e+04
2.832553706804911417e+04
2.577034966023762900e+04
2.710864792188008505e+04
3.008207443873087686e+04
2.885359326903025431e+04
2.839957573000590128e+04
3.120469690163930136e+04
2.696768799495697021e+04
2.204928512700398642e+04
2.555273903528849405e+04
2.911136750284830850e+04
2.510972577571868896e+04
2.731916309038798136e+04
2.961486766815185547e+04
2.962330192470550537e+04
2.800303877766926962e+04
2.691894759813944620e+04
2.593306899770100790e+04
2.685934503332773966e+04
2.851889138380686563e+04
2.594875849723815918e+04
2.744110054556528848e+04
2.472916266791025919e+04
2.500137944380442423e+04
2.816350220839182657e+04
3.098305286661783975e+04
2.766860336144765097e+04
2.722010104084014893e+04
2.565615577634175497e+04
2.816475700028737265e+04
3.004596838887532431e+04
2.638379984633127970e+04
2.700397840086619181e+04
3.001479772694905478e+04
2.649208728313446045e+04
2.536381270821889120e+04
2.826468446795145792e+04
2.566582688109080118e+04
2.617493128077189249e+04
2.732849656931559366e+04
2.931117160447438437e+04
2.683491092554728311e+04
2.752811635971069336e+04
2.810250813674926758e+04
2.587041608142852783e+04
2.682453388436635214e+04
2.778256889088948446e+04
2.801532896105448526e+04
2.851829208978017050e+04
2.621651643212636191e+04
2.597712409337361532e+04
2.691129702631632608e+04
2.979381755352020264e+04
2.883610846169789511e+04
2.819698741086323935e+04
2.810321968523661417e+04
2.701532544263203818e+04
2.729192483361561972e+04
2.850462495708465576e+04
2.830391357549031454e+04
2.591039107799530029e+04
2.469248086802164835e+04
2.455696444829304892e+04
2.838842656644185263e+04
2.528485922495524210e+04
2.527686699199676514e+04
2.589441610685984415e+04
2.931285451602935791e+04
2.621618676090240479e+04
2.901011901950836182e+04
2.751908694076538086e+04
3.210725125217437744e+04
2.614327968470255655e+04
2.895973263835906982e+04
2.792016942660013956e+04
2.786306276957194132e+04
3.106514218552907187e+04
3.206806625779469687e+04
3.044305397669474405e+04
2.971991448370615763e+04
3.261229632472991943e+04
3.037295674069722372e+04
2.904728067938486856e+04
2.909615864626566690e+04
2.658361474196116251e+04
2.911534629853566366e+04
2.638272624047597128e+04
2.822741973431904989e+04
2.564520778369903564e+04
2.707054504680633545e+04
3.125687051932017130e+04
2.485354576810200888e+04
2.570570037206013876e+04
2.710005178928375244e+04
2.278015801556904989e+04
2.680354050477345663e+04
2.698205740547180176e+04
2.636276690451304239e+04
2.306535548559824747e+04
2.380134392579396444e+04
2.172198876190185547e+04
2.757290400727589804e+04
2.949996568012237549e+04
2.574004894669850546e+04
2.845912582747141641e+04
2.765679490375518799e+04
3.063551813697814941e+04
3.052441039117177206e+04
2.909074914868672568e+04
3.168385812791188437e+04
2.590371672948201376e+04
2.840808551502227783e+04
2.896093897692362589e+04
2.790464378992716593e+04
2.817548180802663046e+04
2.626501078732808310e+04
2.944970298957824707e+04
2.763975166606903076e+04
2.826401096947987753e+04
2.721734528414408487e+04
2.710860705534617227e+04
2.624894212214152139e+04
2.625514186859130859e+04
2.889980043284098429e+04
2.982320268503824991e+04
2.862775206534067911e+04
2.609407958316802979e+04
2.954257745774586874e+04
2.887954890346527100e+04
2.670988203334808350e+04
2.601367196083068848e+04
2.617920782152811807e+04
2.604470295619964600e+04
2.379651086648305136e+04
2.481754198646545410e+04
2.561825056266784668e+04
2.772867367076873779e+04
2.751336140918731689e+04
2.702529862944285196e+04
2.479720176633198935e+04
2.527680092366536337e+04
2.623400251388549805e+04
2.637814263121287149e+04
2.759597357463836670e+04
3.022932924111684042e+04
2.535986935520172119e+04
2.972356095250447470e+04
2.884431990400950235e+04
3.064903692086537558e+04
2.855092261791229248e+04
2.617289108689625937e+04
2.761014657243092734e+04
3.065054709084828573e+04
2.572813064543406290e+04
2.658732571125030518e+04
2.836260444831848145e+04
3.146315333875020224e+04
2.707723265361785889e+04
2.751853624280293661e+04
2.594699544779459757e+04
2.764334027226765829e+04
2.238000004768371582e+04
2.839528232097625732e+04
3.157736163520812988e+04
2.836119568252563477e+04
2.633448842048645020e+04
2.828800653711954874e+04
2.612252791690826416e+04
2.903625059477488321e+04
3.212861506303151327e+04
2.990862288570404053e+04
2.751715300846099854e+04
3.116763846778869629e+04
2.755944277159373087e+04
3.146774563344319540e+04
2.986224401855468750e+04
3.051966832955678183e+04
2.998604312801361084e+04
3.047743805948893350e+04
2.962471502431233603e+04
2.931274795627593994e+04
2.861342887433369833e+04
3.095845969009399414e+04
2.849944796180725098e+04
3.046496252600352091e+04
2.754398753547668457e+04
2.807536567306518555e+04
2.807185407733917236e+04
3.478921662457784259e+04
2.735647619883219522e+04
2.968668602752685547e+04
3.017184805329640585e+04
3.221962403106689453e+04
2.816127505620320517e+04
3.000437316544850546e+04
2.832354324404398722e+04
3.273218013254801554e+04
2.679438202540079874e+04
3.135820294539133829e+04
3.301276035849253094e+04
3.454271478366851807e+04
2.684953604380289835e+04
2.822626749769846720e+04
3.006543875853220743e+04
3.108333455785115439e+04
2.777205701001485068e+04
3.031207635211944580e+04
2.529607707087199014e+04
2.610162879657745361e+04
2.667436251163482666e+04
3.233495709260304648e+04
3.108124513435363770e+04
2.645983910624186319e+04
3.177971582571665567e+04
2.806414099788665771e+04
2.699059696801503378e+04
2.423030049037933350e+04
2.812184956041971964e+04
2.745973320452372354e+04
2.535495140488942343e+04
2.993343981011708456e+04
2.740657358074188232e+04
2.689175358168284220e+04
3.123827662499745566e+04
3.040439381186167520e+04
2.555497913201649862e+04
2.772238454818725586e+04
2.683499116261800009e+04
3.081615476290385050e+04
2.881302590688069540e+04
2.657980537033081055e+04
2.749017408816019815e+04
2.881395070107777792e+04
2.907217931016286093e+04
2.701659627787272257e+04
2.901322050889332968e+04
2.636035371843973917e+04
3.316274365393320477e+04
2.898144565868377686e+04
2.883478233814239502e+04
2.690709583632151407e+04
2.718604933134714884e+04
3.019935660076141357e+04
2.748950510883331299e+04
2.805888079961140829e+04
3.212285983212788778e+04
2.649605115922291952e+04
2.699278886985778809e+04
2.492063405768076700e+04
2.936785295104980469e+04
2.765348914241790771e+04
2.684273059781392294e+04
2.675790725167592245e+04
3.028575600337982178e+04
2.754097807502746582e+04
2.771331620629628378e+04
2.700189211877186972e+04
2.700086454041798788e+04
2.896256339677174765e+04
2.853527755959828573e+04
2.931955938657124716e+04
2.664900525442759317e+04
2.939541933282216269e+04
2.787821841080983359e+04
2.622650152651469034e+04
2.702440358829498291e+04
2.899793269570668417e+04
2.401288874022166056e+04
3.218144883537292480e+04
2.727381891949971396e+04
2.605940014108021933e+04
2.863166012350718302e+04
2.737455974451700968e+04
2.961493604691823202e+04
2.438298049863179403e+04
2.912154019228617472e+04
3.059957111930847168e+04
3.104291527938842773e+04
3.238047248713175577e+04
3.131240561294555664e+04
2.865712064170837402e+04
2.797283119138081747e+04
2.463352969392140585e+04
2.711600544198353964e+04
2.505324253686269003e+04
2.798287193044026571e+04
2.549101460266113281e+04
2.558974933910369873e+04
2.753306008752186972e+04
2.898181333986918253e+04
2.502586855920155722e+04
2.558537300650278848e+04
2.673896969350178915e+04
2.476833241271972656e+04
2.637010165468851847e+04
3.009333280467987061e+04
2.669145790513356405e+04
2.854801540883382040e+04
2.801661752859751505e+04
2.998800334040324014e+04
3.114665826956431192e+04
3.203021631908416748e+04
2.978226483949025351e+04
3.136006966686248779e+04
3.282716132227579510e+04
2.818831026204426962e+04
2.801709138902028280e+04
3.318223696358998859e+04
3.206123174476623535e+04
3.198907456270853800e+04
3.197582078393300253e+04
2.916325172042846680e+04
3.253620316791534424e+04
3.197396661249796671e+04
3.221777779197692871e+04
2.745410216013590616e+04
3.175188211536407471e+04
3.010337542883555216e+04
3.549508876228332520e+04
3.399290769831339276e+04
3.138444815508524698e+04
3.364692431767781818e+04
2.930482330385844034e+04
3.008611742846171182e+04
3.411736295064290607e+04
3.153178724702199179e+04
3.340211487197875977e+04
3.050359390385945517e+04
2.953845495414733887e+04
3.145894133345286173e+04
3.351959288247426593e+04
2.907306211376190186e+04
3.159611444377899170e+04
2.947600358486175537e+04
2.691384456253051758e+04
2.963766175206502157e+04
3.277541564210256183e+04
3.126593431218465048e+04
3.095280584589640421e+04
2.990464552116394043e+04
2.878075961430867392e+04
3.043421385955810547e+04
2.968255589389801025e+04
3.182096261056264120e+04
3.290719190311431885e+04
3.326444511191049969e+04
2.764192281723022461e+04
3.192826632404327393e+04
3.005513720289866251e+04
3.289133747673034668e+04
2.507803890991210938e+04
2.612387570317586142e+04
2.821283605130513388e+04
2.971499618721008301e+04
2.807460964139302450e+04
3.198111627006530762e+04
3.114387956587473673e+04
3.104129857858021933e+04
3.048809067821502686e+04
2.872965476735432821e+04
2.913003742726643759e+04
3.002936056804656982e+04
2.810607044219970703e+04
2.913007863680521768e+04
3.265572096443176270e+04
2.852457796128590780e+04
3.068143838183085245e+04
2.689137641080220419e+04
3.013598183536529541e+04
2.911203306547800821e+04
2.889226070849100870e+04
3.127485241953532022e+04
2.700731501483917236e+04
2.918450236352284628e+04
3.239145907338460165e+04
3.029177341365814209e+04
3.332837434387207031e+04
3.193615592002868652e+04
3.099070236206054688e+04
3.174319536113739014e+04
2.994356867281595987e+04
2.823086304664611816e+04
3.646962764390309894e+04
2.915485441176096720e+04
2.950665619564056396e+04
2.935870296351115030e+04
3.149390571498870850e+04
2.995977736123402792e+04
3.235193217023213583e+04
3.458008708890279377e+04
3.257772680155436319e+04
2.911396452681223673e+04
2.928792470804850382e+04
3.331068124739328778e+04
3.512927343686421955e+04
3.149961468410491943e+04
3.324040075111389160e+04
3.397508282184600830e+04
2.890384884993235391e+04
3.110537595303853232e+04
3.308963340155283367e+04
2.797075069650014120e+04
2.676219732983906943e+04
2.789314276822407919e+04
2.793323363367716593e+04
3.011542068703969198e+04
2.725612626584370810e+04
3.335005344931284344e+04
3.043535964107513428e+04
3.539054952971140301e+04
2.980979329744974893e+04
3.252950908120473105e+04
3.056241272672017294e+04
3.147603872521718222e+04
3.103318819363911825e+04
2.971536029179890829e+04
3.063084028625488281e+04
3.178525515715281290e+04
2.600765071868896484e+04
2.969309208234151083e+04
3.225220066674550253e+04
2.837124942239125448e+04
3.179462497043609619e+04
3.324615498860677326e+04
3.260946006202697754e+04
3.118814928849538046e+04
3.313402802213033283e+04
3.148127634779612345e+04
3.243751669947306436e+04
3.279954918734232342e+04
2.962475586827595907e+04
2.985533178774515909e+04
3.145559332656860352e+04
3.000173924160003662e+04
3.134179163805643839e+04
3.066081651814778525e+04
2.975083171240488809e+04
2.959025238386790079e+04
3.323371251042684162e+04
3.077403420607249063e+04
3.335098442586263263e+04
3.444045553716024006e+04
2.966581627305348593e+04
3.466092775185903156e+04
3.277541839567819989e+04
3.276535240427653116e+04
3.148775933297475058e+04
2.838917743364970011e+04
3.545120226065317547e+04
3.191951029777526855e+04
3.183872539170582968e+04
3.257634455776214600e+04
3.101197948328654093e+04
3.040584071286519247e+04
3.300843207518259442e+04
3.433362127780914307e+04
3.165243523311614990e+04
2.860120939795176309e+04
2.972402436860402304e+04
2.979238135973612589e+04
3.213435514068603516e+04
2.819507269287109375e+04
3.311691264311472332e+04
3.449730808258056641e+04
3.297876953283945477e+04
3.182633346176147461e+04
3.322299463494618976e+04
3.090172769355773926e+04
3.350303948942819989e+04
2.817445753129323202e+04
3.267429304695129395e+04
2.825218068122863770e+04
2.786736297384897989e+04
2.890595887851715088e+04
2.938639142958323282e+04
3.081012786547343057e+04
3.005919192504882812e+04
3.020320031738281250e+04
2.964268231709798056e+04
2.616235814189910889e+04
3.224781559276580811e+04
3.024124789015452188e+04
3.329207042853037274e+04
2.822777625370025635e+04
3.249673455905914307e+04
2.977202391306559366e+04
3.036257333087921143e+04
2.801171129417419434e+04
2.965750568040211874e+04
2.879114033476511759e+04
3.090223286724090576e+04
3.326902003510793293e+04
2.865925677553812784e+04
2.936543330415089804e+04
2.789531357638041300e+04
3.230339058208465576e+04
3.130421383857727051e+04
3.404735497506459797e+04
3.041408033847808838e+04
2.912915289402008057e+04
3.100436014842987061e+04
3.651497507349649823e+04
2.849207539717356485e+04
3.130283963203430176e+04
3.074759188270568848e+04
3.032543637466430664e+04
3.284232496198018634e+04
3.462788180955251300e+04
2.925756963475545126e+04
3.100963321971893311e+04
3.092493832333882528e+04
3.179164473819732666e+04
3.038283485158284384e+04
3.055794884045918661e+04
3.171011089483897013e+04
2.872165231513977051e+04
3.297263950538635254e+04
2.860877212874094766e+04
3.041642414760589600e+04
2.822166954930623251e+04
2.842010072199503702e+04
3.050976610883076864e+04
2.895141979948679727e+04
3.257382987626393515e+04
3.148942950693766397e+04
3.209686437892913818e+04
2.991030715052286905e+04
3.130449846585591513e+04
3.319325742499033367e+04
3.215530618286132812e+04
2.970709654140472412e+04
3.237345952320098877e+04
3.196584809462229532e+04
3.463322795200347900e+04
3.289214873886108398e+04
2.707253568077087402e+04
2.987062866719563681e+04
2.851840234216054159e+04
3.098945553970336914e+04
2.781943146896362305e+04
3.042257721900939941e+04
3.204933961232503134e+04
3.311453546301523602e+04
3.381668374951680744e+04
3.264774219640095907e+04
3.179021636581420898e+04
3.053761793549855429e+04
2.971913020610809326e+04
2.687731724961598593e+04
2.833131945927937704e+04
2.809470854600270468e+04
2.889653715006510538e+04
3.094951096407572550e+04
2.742350982475280762e+04
2.758873816935221475e+04
2.994781661065419394e+04
3.085438858922322470e+04
3.151868813260396200e+04
3.149896248245239258e+04
3.089284674644470215e+04
3.000000863488515097e+04
3.025961969057719034e+04
3.203131552251179892e+04
3.077986534945170206e+04
3.155407807413737100e+04
3.459192491340637207e+04
2.998597519906361777e+04
3.101724893697102743e+04
3.215352336120605469e+04
3.117673739020029825e+04
3.430954256757100666e+04
3.032118569246928018e+04
3.441362451140085614e+04
3.000168697992960733e+04
3.252882009983062744e+04
2.899015155951182169e+04
2.975081693998972696e+04
3.005538606675465780e+04
3.038543369865417480e+04
3.251856950187683105e+04
3.083492112318674845e+04
3.473759288501739502e+04
3.006645367813110352e+04
2.759753974278767782e+04
3.180358650652567667e+04
3.287746623738607013e+04
3.225755252869923788e+04
3.153120572217305380e+04
3.039513557783762735e+04
3.287119705835977948e+04
3.092712421671549600e+04
3.001256367874145508e+04
3.345106977081298828e+04
3.244033449586232382e+04
2.982641317272186279e+04
3.062992157745361328e+04
3.051625526650746542e+04
2.932133717060089111e+04
3.443520115280151367e+04
2.892659612973530966e+04
2.889379324372609335e+04
3.108730938879648966e+04
3.179829453945159912e+04
3.200858645852406698e+04
3.093340058135986328e+04
3.173309511629740518e+04
3.169439789772033691e+04
3.228227264436085898e+04
2.910604398409525675e+04
3.033023593425750732e+04
3.096962589232126993e+04
2.989081965033213419e+04
3.154523713016510010e+04
3.124243105570475382e+04
3.138899035771687704e+04
3.146402446460723877e+04
3.219820831203460693e+04
2.757873205057780069e+04
2.854887963803609091e+04
3.202052787176768106e+04
2.963282192548115927e+04
2.975017421086629111e+04
3.033912091032664102e+04
2.798620473734537882e+04
2.986533336194356161e+04
2.921096292718251425e+04
3.042827784601847452e+04
3.285703043333689129e+04
3.339527927049001300e+04
2.991252279663085938e+04
2.913988894780476767e+04
2.883386670398712158e+04
3.133866061464945597e+04
3.456486711851755535e+04
3.086525090440114218e+04
3.145460103480021280e+04
3.036489579264323038e+04
3.075514328606923300e+04
3.104857988580067831e+04
3.327863865248361981e+04
3.043657969792683798e+04
3.021145577303568643e+04
3.299749900722503662e+04
2.969347487545013428e+04
3.058381793085734171e+04
2.900461002858479696e+04
3.286410512129465496e+04
3.114701007620493692e+04
3.014995597139994425e+04
2.733307177480061728e+04
3.022896634578704834e+04
2.976325994523366171e+04
3.234657226626078409e+04
3.292485626125335693e+04
3.141622302246093750e+04
2.972377068519592285e+04
2.944332516066233438e+04
3.209439962514241415e+04
3.412768979358673096e+04
3.082170984617869181e+04
3.293153687063852703e+04
3.112901630369822306e+04
3.038424327723185343e+04
3.165901101462046427e+04
2.969041716670989990e+04
3.078125710487365723e+04
2.991607662487030029e+04
2.775826874828338623e+04
3.095714013703664023e+04
2.872529781691233438e+04
3.070635902309417725e+04
2.765350027116139609e+04
2.831606075541178507e+04
2.608607840919494629e+04
2.966110629622141641e+04
3.173158813730875772e+04
3.164946862634022909e+04
3.160510630830128866e+04
3.392021784241994465e+04
3.225275443363189697e+04
3.290897776412963867e+04
3.324715551948547363e+04
3.122369408384959024e+04
3.470297639751434326e+04
3.307753182506561279e+04
3.294115427557627117e+04
3.064615826892852783e+04
3.018397134240468222e+04
3.258506484508514404e+04
2.964807556660969931e+04
2.554188482379913330e+04
2.562339620018005371e+04
3.089741940307617188e+04
2.833913695144653320e+04
3.095004999828338623e+04
2.392391435782114786e+04
2.634563925393422323e+04
2.693528384526570517e+04
2.742527676041920859e+04
2.943848036162058634e+04
2.585452738380432129e+04
3.026878417746226114e+04
2.779872720559437948e+04
3.088994542980194092e+04
2.525895110193888468e+04
2.846022293821970743e+04
2.787459876314799112e+04
2.415070494143168253e+04
2.557587437121073526e+04
2.465914614359537882e+04
2.336260620371500772e+04
2.539170354811350626e+04
2.609257000033060831e+04
2.656395668760935587e+04
2.605941228040059286e+04
2.324937643146514893e+04
2.497998129908243936e+04
2.371599103196461874e+04
2.548587109120686728e+04
2.645100695737202841e+04
2.552055159219105917e+04
2.265601067765553671e+04
2.539995752016703409e+04
2.639864221763610840e+04
2.504051132965087891e+04
2.509674372704823691e+04
2.721275001748402792e+04
2.621424194939931112e+04
2.906715763791402060e+04
2.666010020764668661e+04
2.519855280462900919e+04
2.431695249462127686e+04
2.875430610116322714e+04
2.534454960727691650e+04
2.677266980202992636e+04
2.323540823300679403e+04
2.865786905988057333e+04
2.495832818762461466e+04
2.641128170045216757e+04
2.408901311556498331e+04
2.311097052447001261e+04
2.442264124806721884e+04
2.852365627288818359e+04
2.744159595521290976e+04
2.556885711860656738e+04
2.863421550305684286e+04
2.393237629858652872e+04
2.417964731852213663e+04
2.634346247800191122e+04
2.851558198610941690e+04
2.847791122690836710e+04
2.621859160645802694e+04
2.832465653260548788e+04
2.657098323408762735e+04
2.848298550923665243e+04
2.432934900283813477e+04
2.710796360365549845e+04
2.610820088545481485e+04
2.716308426253001016e+04
2.356363084570566934e+04
2.678766965834299845e+04
2.535754178937276083e+04
2.575421525923411173e+04
2.726559802309672159e+04
2.522052061271667480e+04
2.389459554799397665e+04
2.462178472105662149e+04
2.316394179884592813e+04
2.564108699003855509e+04
2.330053071244557577e+04
2.286977710247039795e+04
2.141705259672800821e+04
2.364062250836690146e+04
2.343712512079874796e+04
2.176693159230550009e+04
2.095958599185943604e+04
2.293241332213084024e+04
2.417505833339691162e+04
2.315355904897053915e+04
2.101240584119160849e+04
2.210497818756103516e+04
2.251209017213185507e+04
2.327090415223439413e+04
2.364286296653747559e+04
2.287040278021494669e+04
2.263969069798787314e+04
2.454623778883616251e+04
2.562753363990783691e+04
2.556591680463154989e+04
2.364758139546712118e+04
2.514563000075022501e+04
2.506950370311737061e+04
2.724434898535410684e+04
2.545211125564575195e+04
2.562947968069712442e+04
2.216529975414276123e+04
2.524174427731831747e+04
2.373902201398213583e+04
2.660952482541402060e+04
2.718286327902476114e+04
2.410025783157348633e+04
2.641298120085398477e+04
2.831731369272867960e+04
2.573107422828674316e+04
2.335193823305765909e+04
2.471258611456553263e+04
2.358639553387959677e+04
1.917862891515095907e+04
2.282682601292927939e+04
2.272509593582153320e+04
2.081251036548614502e+04
2.256266219902038574e+04
2.211442132695515829e+04
2.417961496098836142e+04
2.124290292421976847e+04
2.005587361812591553e+04
1.953347960726420206e+04
2.085990108203887939e+04
2.171318030993143839e+04
2.214689889272053915e+04
1.909423806699116903e+04
1.943983112303416056e+04
2.036131346511840820e+04
2.027602751096089560e+04
2.000506334559122843e+04
2.026230969397227091e+04
2.096616450913747030e+04
2.208293467203776163e+04
2.396022110907236856e+04
2.026675251420338827e+04
2.164524948755900186e+04
2.119764955298105997e+04
2.261157603454589844e+04
2.137655216280619425e+04
1.954957389132181925e+04
2.150703835455576700e+04
2.079666435782114786e+04
2.150460284964243692e+04
2.099810861301422119e+04
1.976375914478302002e+04
1.862514786020914835e+04
2.163300435002644736e+04
2.112898709837595743e+04
2.027210597229003906e+04
2.185271389420827109e+04
2.277772242005665976e+04
2.363570832633972168e+04
2.080987152957916260e+04
2.211772293949127197e+04
2.198440653514862061e+04
2.210172494538624960e+04
2.190198124790191650e+04
2.231850166734059530e+04
2.377842528820037842e+04
2.004689650122324747e+04
2.034299330520629883e+04
2.154884196631113809e+04
2.092104199536641318e+04
1.959308467038472372e+04
2.227493146038055420e+04
1.982539098930358887e+04
2.184680942757924277e+04
2.220921507517496866e+04
2.140994054921467978e+04
2.083380206839243692e+04
1.965963316504160684e+04
2.092982250563303751e+04
2.329425387509663778e+04
2.073345990276336670e+04
2.240035024642944336e+04
2.081527516428629679e+04
2.172877508989970011e+04
2.150960234133402628e+04
2.200269305070241171e+04
2.306615921815236288e+04
2.096429459031422812e+04
2.140039830303192139e+04
2.203604182815551758e+04
2.010082146485646444e+04
2.267606822172800821e+04
2.220524626191456991e+04
2.289931887372334677e+04
2.108779667377471924e+04
2.149803783130645752e+04
2.243618076101939005e+04
2.005207357597351074e+04
2.297517136033375937e+04
2.101319484329223633e+04
1.996954486846923828e+04
2.381174951076507568e+04
2.256095153713226318e+04
2.034685575167338175e+04
2.073433890787760538e+04
2.299340058644612509e+04
2.181207022889455038e+04
2.307241525332133097e+04
2.032952897675831991e+04
2.377913225428263468e+04
2.162944351196289062e+04
1.999213107967376709e+04
2.303651527023315430e+04
2.143728939183552939e+04
1.966225763066609579e+04
2.254371789105733114e+04
2.038156725629170614e+04
2.101397533925374228e+04
2.177909713904063028e+04
1.573806643422444722e+04
1.466954171752929688e+04
1.746658788267771524e+04
1.728264145819346231e+04
1.806363905398051065e+04
1.832142157109578329e+04
1.674955553913116455e+04
1.850282306702931601e+04
1.749031421788533407e+04
1.577458401298522949e+04
1.482580448214212993e+04
1.671632491842905802e+04
1.977182643191019815e+04
1.818494044939677042e+04
1.661619776503245157e+04
1.789849280834197998e+04
1.837239295005798340e+04
1.768290748945872110e+04
1.665001573944091797e+04
1.680818948364257812e+04
1.666596755727132040e+04
1.708074689133961874e+04
1.844917410977681357e+04
1.574899531777699849e+04
1.826376903692881388e+04
1.592094981829325297e+04
1.708663033390045166e+04
1.758000595537821573e+04
1.856099060853322226e+04
1.982044714037577432e+04
1.750163302834828573e+04
1.893528436438242716e+04
1.793415006701151651e+04
1.735778552754719931e+04
1.785725544802347940e+04
1.766719952011108398e+04
1.622213559023539165e+04
1.899392828782399374e+04
1.874893126551310343e+04
1.863514813741048056e+04
1.714632294940948486e+04
1.412519288253784180e+04
1.652755028343200684e+04
1.833462330468495566e+04
1.678909483464558798e+04
1.760149411201477051e+04
1.742876508013407511e+04
1.486194918409983256e+04
1.620267175801595113e+04
1.803612533315022665e+04
1.682342181873321533e+04
1.700838582102457804e+04
1.791596169344584268e+04
1.506682765706380269e+04
1.729109625593821329e+04
1.494064380709330180e+04
1.578291786607106587e+04
1.535381713581085205e+04
1.514300490220387837e+04
1.546433291530609131e+04
1.586889318784078023e+04
1.744291842206319052e+04
1.661385998948414999e+04
1.823192972469329834e+04
1.642075449244181436e+04
1.832484485594431681e+04
1.820631550439198691e+04
1.846937276109059530e+04
1.801684156449635702e+04
1.715190959199269491e+04
1.659527051289876181e+04
1.719973729451497275e+04
1.779239312966664511e+04
1.506943593406677246e+04
1.678446911048889160e+04
1.776826070880889893e+04
1.811783500862121582e+04
1.598734420045216939e+04
1.674442609628041464e+04
1.876675892766316611e+04
1.746184983984629434e+04
1.719021022383372110e+04
1.741937116114298624e+04
1.732772144190470499e+04
1.818226777966817099e+04
1.753757362492879111e+04
1.928983211708068848e+04
1.743251488463084024e+04
1.604875443204244038e+04
1.558841451454162598e+04
1.877352107874552530e+04
1.609084544881184956e+04
1.682744263235728067e+04
1.665076013755798340e+04
1.708981317234039307e+04
1.719609385172526163e+04
1.598991624641418457e+04
1.910961172453562540e+04
1.890677899519602579e+04
1.947497172800699991e+04
1.545939357217152974e+04
1.280984574921925923e+04
1.321714218966166118e+04
1.505805384731292725e+04
1.502353110472361186e+04
1.422223027610778809e+04
1.255060172303517720e+04
1.493272786871592143e+04
1.320736582374572754e+04
1.450079414431254008e+04
1.483181768226623535e+04
1.296522231197357178e+04
1.507027545865376851e+04
1.330977797571817973e+04
1.362980825678507426e+04
1.613134809939066508e+04
1.403879365348815918e+04
1.559458209609985352e+04
1.369924337387084961e+04
1.337679138851165771e+04
1.527306637986501119e+04
1.318850087038675883e+04
1.412083039220174214e+04
1.319743091710408589e+04
1.357421293767293355e+04
1.398702503776550293e+04
1.423905207061767578e+04
1.390839902273813823e+04
1.411351937039693257e+04
1.318952785142262837e+04
1.288082250245412251e+04
1.421801928742726705e+04
1.349456442515055278e+04
1.351243937238057515e+04
1.425589248498280904e+04
1.540385070768992045e+04
1.259892672665913960e+04
1.356661848100026509e+04
1.412768536980946919e+04
1.388722851880391499e+04
1.458844789409637451e+04
1.429296182123819926e+04
1.330451776091257670e+04
1.320302246793111226e+04
1.478146160952250102e+04
1.361731032053629497e+04
1.524516609223683736e+04
1.532712846406300923e+04
1.431336206022898295e+04
1.315711084938049316e+04
1.468164404837290385e+04
1.480519288476308247e+04
1.327897966957092285e+04
1.343624526564280131e+04
1.494978607209523580e+04
1.519628768412272075e+04
1.577382645257314107e+04
1.537822638956705669e+04
1.353269637648264506e+04
1.474372394847869873e+04
1.594028880151112935e+04
1.434401998106638530e+04
1.345336143493652344e+04
1.353885356521606445e+04
1.352647069390614888e+04
1.445694698174794576e+04
1.474898567962646484e+04
1.540676104863484761e+04
1.296751232878367045e+04
1.502176185830434224e+04
1.436285953140258789e+04
1.501996214707692525e+04
1.496684736347198486e+04
1.478740546353658101e+04
1.604988837273915669e+04
1.353007907199859619e+04
1.548559174855550191e+04
1.496660580539703369e+04
1.279167154502868652e+04
1.598255420366922954e+04
1.397552399381001851e+04
1.390576831277211568e+04
1.595540951379140279e+04
1.508132345040639302e+04
1.476200276279449463e+04
1.599549273745218852e+04
1.653761078548431396e+04
1.475133126322428325e+04
1.507271081352233887e+04
1.347869012324015239e+04
1.485797431214650533e+04
1.272342423534393311e+04
1.487696762498219869e+04
1.250444642670949361e+04
1.540793569151560405e+04
1.378321292750040629e+04
1.440645993963877299e+04
1.394662544504801372e+04
1.328548569170633891e+04
1.431018527539571187e+04
