1.319884431838989258e+03
1.350266791025797602e+03
1.363040074030558344e+03
1.301774668693542480e+03
1.396906573295593262e+03
1.247460171063740972e+03
1.365612210273742676e+03
1.384902372678120855e+03
1.428540744145711187e+03
1.449026372909545898e+03
1.384963119506835938e+03
1.293062623023986816e+03
1.457551414171854731e+03
1.370800210952758789e+03
1.426480700492858887e+03
1.455717956225077387e+03
1.375895531336466547e+03
1.576968668937683105e+03
1.348230101903279547e+03
1.430627021153767828e+03
1.419129214922587153e+03
1.246768711725870844e+03
1.406211339950561523e+03
1.333591217994689941e+03
1.369648844718933105e+03
1.306834655125935797e+03
1.558815496126810785e+03
1.414085454622904535e+03
1.403388148307800293e+03
1.519386425971984863e+03
1.325659458796183344e+03
1.366732813517252680e+03
1.250115073839823481e+03
1.327411266326904297e+03
1.342393578211466547e+03
1.381309320449829102e+03
1.377695010503133062e+03
1.235518771807352778e+03
1.371370755513509039e+03
1.287764202117919922e+03
1.291131012280781988e+03
1.337026088714599609e+03
1.523595654805501226e+03
1.537248223940531489e+03
1.296263013839721680e+03
1.331305282910664801e+03
1.494118309656779047e+03
1.461015387852986578e+03
1.487481972058614019e+03
1.503925729115803961e+03
1.275650166193644282e+03
1.419678346633911133e+03
1.522360813458760504e+03
1.443221061070760015e+03
1.518250550587971929e+03
1.340006097157796148e+03
1.438231503168741938e+03
1.496753452301025391e+03
1.220522898991902593e+03
1.281782864888509039e+03
1.527227882703145269e+03
1.386374322573343989e+03
1.420895358085632324e+03
1.377305754979451422e+03
1.399898717880249023e+03
1.315527427673339844e+03
1.604249593098958258e+03
1.513629128138224360e+03
1.439469424247741699e+03
1.447000569343566895e+03
1.425392926534016851e+03
1.372262001355489019e+03
1.427629398663838629e+03
1.355582795461018804e+03
1.458288694063822504e+03
1.275352733929951910e+03
1.445921758651733398e+03
1.361628944714864019e+03
1.502518827120463129e+03
1.343012605349222895e+03
1.409806027094523188e+03
1.304945674260457281e+03
1.411234052340189692e+03
1.410753566106160406e+03
1.481275754610697504e+03
1.515100885709126715e+03
1.514118642489115473e+03
1.456601927121480230e+03
1.512436664581298828e+03
1.488419295628865484e+03
1.364831037521362305e+03
1.430077805201212641e+03
1.644502957026163813e+03
1.645689289093017578e+03
1.287604193369547602e+03
1.580009103139241461e+03
1.381521955490112305e+03
1.485326857884724859e+03
1.467559812545776367e+03
1.513682333628336664e+03
1.605660768191019770e+03
1.734718259493510004e+03
1.454537477811177496e+03
1.454911313692728754e+03
1.690681971232096430e+03
1.809847439765930176e+03
1.732332079569498774e+03
1.561782787958781000e+03
1.446402046839396235e+03
1.562898057937622070e+03
1.535428283373514887e+03
1.813758065859476801e+03
1.515094415346781489e+03
1.738096570014953613e+03
1.735611381848653082e+03
1.478607463518778559e+03
1.511107576688130621e+03
1.443819140434265137e+03
1.639561791102091547e+03
1.697315544446309332e+03
1.568252374966939215e+03
1.519102409044901606e+03
1.742211487134297613e+03
1.628652028401692633e+03
1.552117093086242676e+03
1.540225739796956304e+03
1.881707710901896235e+03
1.617847553888956782e+03
1.586671471913655523e+03
1.426042695681254145e+03
1.539671175320943121e+03
1.606309183438618902e+03
1.748729805628458735e+03
1.431162370999654058e+03
1.481855075836181641e+03
1.753790683110554937e+03
1.504759462356567383e+03
1.647042432149251226e+03
1.887666257222493414e+03
1.436507001876831055e+03
1.676463212966918945e+03
1.591003400166829351e+03
1.571687202135721918e+03
1.521076084454854254e+03
1.611470295588175532e+03
1.593106379508972168e+03
1.545928527196248297e+03
1.569493237813313726e+03
1.741090298652648926e+03
1.584594791730244879e+03
1.610568624496459961e+03
1.636705783208211187e+03
1.480027381896972656e+03
1.576678985595703125e+03
1.507343969027201410e+03
1.603896115303039551e+03
1.552850317319234136e+03
1.701840030034383062e+03
1.648131216367085699e+03
1.710489477475484136e+03
1.556028698603312250e+03
1.773273746172587153e+03
1.585874871571858648e+03
1.463542873700459722e+03
1.644570046424865723e+03
1.502820663452148438e+03
1.606162042299906489e+03
1.384822323163350347e+03
1.493502971013386968e+03
1.688158172289530512e+03
1.535428278605143305e+03
1.664910430272420172e+03
1.590208080291748047e+03
1.587553173383076910e+03
1.722508572578430176e+03
1.596114855130513433e+03
1.682442330042521235e+03
1.644950819015502930e+03
1.451943074226379395e+03
1.773358123461405512e+03
1.802511393864949468e+03
1.893124488512675043e+03
1.627674344380696539e+03
1.625715497970581055e+03
1.615732482592264887e+03
1.538874025980631586e+03
1.651782330830891851e+03
1.789062294642130610e+03
1.532666902224222895e+03
1.630124985376993891e+03
1.677530858039855957e+03
1.654944788614908930e+03
1.714352818171183344e+03
1.638773030598958258e+03
1.791431893030802485e+03
1.731130837122599360e+03
1.563244033495585199e+03
1.532798446019490484e+03
1.470400441805521723e+03
1.817407053629557367e+03
2.009003005663553949e+03
2.501096430778503418e+03
2.211952903747558594e+03
2.106155667622884266e+03
2.175733001391092785e+03
2.188110515594482422e+03
2.357094069163004406e+03
1.947269791603088379e+03
1.776525750478108648e+03
2.016543217976887945e+03
2.131390762646993153e+03
1.811969590822855707e+03
2.107534605026245117e+03
2.071920030275980480e+03
1.925791997909545898e+03
2.086752482096354015e+03
1.939257249832153320e+03
2.165090054194132335e+03
2.299033182462056629e+03
1.958162808418273926e+03
1.878008172988891602e+03
2.114714101155599110e+03
2.212178285916646473e+03
2.003787648200988770e+03
2.190762873331705578e+03
2.319574915250142567e+03
1.988469245274861578e+03
2.138959531148274891e+03
2.242057246843973644e+03
2.237726505915323742e+03
2.228045513470967762e+03
2.087989099820455067e+03
2.023406307856241938e+03
2.269626182238260753e+03
1.951025580406188965e+03
2.083063591639200695e+03
2.051370271046956532e+03
2.359371693929036610e+03
2.277841605186462402e+03
2.204050788243611805e+03
2.100825373967488758e+03
2.250643926302591808e+03
2.176915572166442871e+03
1.978388238906860352e+03
2.367057223955790050e+03
1.919161450703938726e+03
2.166274578094482422e+03
2.341739345868428700e+03
1.984360959053039551e+03
2.270254197120666504e+03
2.248527344067891590e+03
2.175654995918273926e+03
2.070300553639729969e+03
2.372843445142110340e+03
1.952060343106587652e+03
2.014004122098286871e+03
2.253085786501566417e+03
1.868619338035583496e+03
1.804130847613016840e+03
1.925208580017089844e+03
2.205123568534851074e+03
1.810801927566528320e+03
2.005562380154927496e+03
2.035695368131001715e+03
2.064220015843709461e+03
2.176459540049234874e+03
1.951437952995300293e+03
1.942242916107177734e+03
1.887139209111531500e+03
2.047313896814982172e+03
1.794502349853515625e+03
2.057215687433878429e+03
1.934403474489847895e+03
2.239318756103515625e+03
1.890837340037028071e+03
2.008181679725646973e+03
1.896746655464172363e+03
1.820953607241312739e+03
2.065811616579691417e+03
1.956826274236043218e+03
1.939782869338989258e+03
2.178806331634521484e+03
2.165851889292398937e+03
2.551892249107360840e+03
2.054056528727213390e+03
2.607810602188110352e+03
2.191308615048726551e+03
2.120867963473001964e+03
2.435190269788106434e+03
2.164757468541463368e+03
1.904779074668884277e+03
1.972889251708984375e+03
2.209123339335123546e+03
1.940057539939880371e+03
2.327210221290588379e+03
2.213878172874450684e+03
2.039345014254252192e+03
1.978797859191894531e+03
2.141257322629292958e+03
2.138683906555175781e+03
3.893938345273335926e+03
4.279537281672160134e+03
4.559621149381001487e+03
4.567234515508015647e+03
4.714688223520915017e+03
4.388002158800761208e+03
3.980116854985555165e+03
3.781015673637390137e+03
4.401660932858784690e+03
3.334895478566487782e+03
3.568257919629415028e+03
3.736533047040303700e+03
4.717329113324482933e+03
3.552663052241007335e+03
3.562782021522521973e+03
4.019513034820556641e+03
3.740393021583557129e+03
3.156974548021952160e+03
3.405453564008077137e+03
4.083813523928324230e+03
3.699851861635843761e+03
3.584103216807047374e+03
3.551168902715047352e+03
3.893744515101114757e+03
3.847469208399454601e+03
4.137552718162536621e+03
3.677419480641683094e+03
4.107892114003499046e+03
3.820905250867207997e+03
4.148129113197326660e+03
4.171876919746398926e+03
4.739559598922729492e+03
4.824132815996806130e+03
3.987783083915710449e+03
4.100540891965230003e+03
4.487934977849324241e+03
3.855054434140523426e+03
4.132373387336730957e+03
3.763514124234517567e+03
4.411466319402058616e+03
4.255379515012105003e+03
3.827130378723144531e+03
4.123103959083557129e+03
4.014696983655293934e+03
3.702636012713114269e+03
4.703372330983479515e+03
3.742279875437418468e+03
4.248458963394165039e+03
4.488327648480732933e+03
4.435394088745117188e+03
3.871860904057820790e+03
3.934930145899454601e+03
4.470609936714172363e+03
3.883768274625142567e+03
3.866521399497985840e+03
3.800959940910339355e+03
4.583072800954182640e+03
3.694412231127420910e+03
4.058776693979898937e+03
3.748439748128255360e+03
4.207773576418559060e+03
4.796817528724670410e+03
4.384968820571899414e+03
4.576023152033488259e+03
4.484311525026957497e+03
5.069328984578450218e+03
4.062101591746012218e+03
4.696853843688964844e+03
4.630081194559733376e+03
3.934837978680928700e+03
4.288643802960713401e+03
4.798320125579833984e+03
5.003085645675659180e+03
4.659804103533427224e+03
3.754418079694112294e+03
4.048936306635538585e+03
4.034222630182901867e+03
3.703040788014729969e+03
4.639731603622436523e+03
3.860965894699096680e+03
4.299721797307332054e+03
4.081802301406860352e+03
4.430202949206034646e+03
4.497797049840291038e+03
4.173208483060200706e+03
5.056481368700663552e+03
4.445623288154602051e+03
4.356860548973083496e+03
3.710578651746114247e+03
4.159794015248616233e+03
4.607580802917480469e+03
4.321191561698913574e+03
4.413026422500610352e+03
4.646823677380879417e+03
4.254856813748677268e+03
4.161298541386921897e+03
3.888519621849060059e+03
4.286700119654337868e+03
4.094980768521626942e+03
4.146531327247619629e+03
2.666365399964650351e+04
2.910139463774363321e+04
2.581465053494771200e+04
2.171387053712208944e+04
2.351492551008860391e+04
2.726133573595682901e+04
2.596128472836812216e+04
2.238482300408681112e+04
2.163051077334086222e+04
2.363271561876932901e+04
2.095045636876424032e+04
2.550535977617899698e+04
2.056991778151194376e+04
2.396049199485778809e+04
2.166004499499003214e+04
2.427298915036519247e+04
2.749647805054982382e+04
2.391471203740437704e+04
2.355619207318623739e+04
2.685819466876983643e+04
2.582454571247100830e+04
2.703394183095296103e+04
2.344070985158284384e+04
2.365189045015970987e+04
2.298954037857055664e+04
2.804981672763824463e+04
2.478566855398814005e+04
2.724428133614857870e+04
2.296600315729777139e+04
2.089268091773986816e+04
2.301516867319742960e+04
2.434951975695292276e+04
2.242160542678833008e+04
2.262575444157918173e+04
2.616793788274129111e+04
2.287875288359324259e+04
2.202538002395629883e+04
2.248192752424876016e+04
2.191430738004048544e+04
2.593619128259022909e+04
2.254221221828460693e+04
2.504872728856404501e+04
1.932723955949147421e+04
2.290505913543701172e+04
2.036094464619954306e+04
2.228369617780049521e+04
2.101178434022267538e+04
2.610324245643615723e+04
2.311877292887369913e+04
2.497734396648406982e+04
2.074658560307820517e+04
2.243937803045908731e+04
2.275508858203887939e+04
2.285352679506937784e+04
2.121789519850413126e+04
2.283357548173268515e+04
2.060498414071400839e+04
2.375400982793172079e+04
2.314154547882080078e+04
3.050689062372843546e+04
2.490362038707733154e+04
2.456848640251159668e+04
2.175202772871653360e+04
2.231303175957997519e+04
3.128601971022288126e+04
2.202146332009633261e+04
2.676300921948750693e+04
2.425250518353779989e+04
2.446395762538909912e+04
2.302174323876698691e+04
2.200969459692637247e+04
3.052594362735748291e+04
2.567354685306549072e+04
2.560917946720123291e+04
2.380264806079864502e+04
2.595198981666564941e+04
2.761396626027425009e+04
2.329983994356791300e+04
2.176960411771138388e+04
2.484989597574869913e+04
2.479116332626342773e+04
2.484152803897857666e+04
2.644044556681315225e+04
2.299101932112376016e+04
2.323762304751078409e+04
2.663554484907786173e+04
2.241730036671956259e+04
2.696209495925903320e+04
2.407888782564799112e+04
2.821102545293172079e+04
2.570211069138844687e+04
2.895062267017364502e+04
2.424194660663604736e+04
2.434299992465972900e+04
2.423654444917042929e+04
2.208252448304494101e+04
2.196940055656433105e+04
2.343160330549876016e+04
2.410866916561126709e+04
3.106411479504903036e+04
3.493165114466349041e+04
2.769551299381256104e+04
2.783375898202260214e+04
2.769186676661173624e+04
3.287360622469583905e+04
2.992892752679188925e+04
2.758913102499644083e+04
2.583873826567332071e+04
2.840089836406707764e+04
3.229869862778981405e+04
3.715758635838826740e+04
3.321175964895883953e+04
3.550734248638153076e+04
2.559579398441314697e+04
3.061721710713704306e+04
2.843174513149261475e+04
3.205755413405100626e+04
3.333877131366729736e+04
3.284437982940673828e+04
3.338737399037679279e+04
3.091231755924224854e+04
3.015334624989827353e+04
3.567260813585916912e+04
3.155640043449401855e+04
3.579178718916574871e+04
3.019459013716379923e+04
3.224709948507944864e+04
2.791698486359914023e+04
3.072300454616546631e+04
3.480191160996755207e+04
2.590486385154724121e+04
3.128272216733296591e+04
2.994551654338836670e+04
3.426441741657257080e+04
4.005187425295511639e+04
3.431499073537190998e+04
2.644582979106903076e+04
3.946725777276357258e+04
3.378058632310231769e+04
2.891943637212117392e+04
3.019313246091206747e+04
3.206587203089396280e+04
2.721249579556782919e+04
3.495065858236948407e+04
3.137894874064127725e+04
3.133816805998484415e+04
2.532852121798197550e+04
3.013594427172343057e+04
2.816472869841257852e+04
3.512813344923654950e+04
3.212682551574707031e+04
3.232788715902964395e+04
2.984565023231506348e+04
3.194942661571502686e+04
3.515510826460520184e+04
3.217331503836314005e+04
3.706026043446858966e+04
2.855049592558543009e+04
3.355629261684417725e+04
3.159872550296783447e+04
3.064996146583557129e+04
3.096021368026733398e+04
3.502990733400980389e+04
3.378995982106526935e+04
3.060875631078084189e+04
3.430627052466074383e+04
3.708453119754791260e+04
3.788492030270894611e+04
3.681330773544311523e+04
3.816222673765818035e+04
4.286508135128021240e+04
3.236877205562591553e+04
3.473679295221964276e+04
3.639319082736968994e+04
3.021888605817158896e+04
3.406175439167022705e+04
2.914065035851796347e+04
3.212354845714569092e+04
2.971669796339670938e+04
3.246062832514445108e+04
3.151287347348530966e+04
3.077988505554199219e+04
2.908156144491831583e+04
2.859161324278513712e+04
2.897723581504821777e+04
3.358722464116414631e+04
2.897402712885538858e+04
3.339290238730112469e+04
3.306691712856292725e+04
2.844300017642974854e+04
3.381345265928903973e+04
3.167222944005330282e+04
2.848490000247955322e+04
3.030780465062459189e+04
2.856866911315917969e+04
3.037720391623179239e+04
2.951102586523691934e+04
2.658742095724741739e+04
3.003981136608123779e+04
3.172820520623524862e+04
4.057175322659810627e+04
3.679425488535562909e+04
4.483475207932790363e+04
3.833018411350250244e+04
3.975712251186370850e+04
3.907332804965972900e+04
4.563116564655303955e+04
3.978987646611531818e+04
3.761105681006113446e+04
4.767627093728383625e+04
4.758770209376017010e+04
5.288368108177185059e+04
3.741014939785003662e+04
3.542942690372467041e+04
3.855484423732757568e+04
4.103662643877664959e+04
5.246332535711923992e+04
4.528491534423828125e+04
4.041686889839172363e+04
3.810558274205525959e+04
4.049132607746124268e+04
4.628939360268910968e+04
4.475545739459991455e+04
4.411568130620320881e+04
3.777131783008575439e+04
4.913986028766632080e+04
4.164124565664926922e+04
4.251550154558817303e+04
4.509428339513143146e+04
4.837842539660135662e+04
4.483180715147653973e+04
4.245918876330057537e+04
4.495262515703836834e+04
4.290852379926045978e+04
4.247223486614227295e+04
4.421479022471109784e+04
4.878224129835764325e+04
4.820491033840179443e+04
4.204851472822824871e+04
3.182963827355702597e+04
3.910823078600565350e+04
3.891684449704488361e+04
4.342903351402282715e+04
4.363058608913421631e+04
4.269003031444549561e+04
3.865981644376119220e+04
4.563117146746317303e+04
3.954446728324890137e+04
4.548513296794891357e+04
4.343488799222310627e+04
4.067454745610555256e+04
4.291803414916992188e+04
3.992763089402516925e+04
3.664360713513692463e+04
4.793299065907796466e+04
4.493218880558013916e+04
3.715611653041839600e+04
5.028546014118194580e+04
5.006818312708536541e+04
4.261744482612609863e+04
4.928644103876749432e+04
5.182767980543772137e+04
4.575639760017395020e+04
4.595897145080566406e+04
4.737062336762746418e+04
4.068571917215982830e+04
4.551461026541391766e+04
4.674190555159250653e+04
4.647429975350698078e+04
4.522254014555612957e+04
4.656032878780364990e+04
5.053856173292795575e+04
4.541106607691446698e+04
4.944539721139272297e+04
4.394649967098236084e+04
4.396621488730112469e+04
4.899687166531880939e+04
4.120835254001617432e+04
4.765232310676574707e+04
4.595562816301981366e+04
4.051435821374257648e+04
3.745057844257354736e+04
4.303849345080057537e+04
3.942727467346191406e+04
4.696321846071878826e+04
4.242784705479940021e+04
3.898394020620981610e+04
4.890661535231272137e+04
5.394071943442026532e+04
4.401665862401326740e+04
5.168126878643035889e+04
4.642872811412811279e+04
4.720489124075571453e+04
3.743560285218556965e+04
5.065737815348307049e+04
5.424641877428690350e+04
4.170339966138204181e+04
4.193821018091837323e+04
4.944239054171244061e+04
4.260097373676300049e+04
7.749304721705119300e+04
6.693552683512370277e+04
5.351354474894205487e+04
5.671520581054687500e+04
6.081939392375946045e+04
5.604479951445261395e+04
5.673268213558197021e+04
7.458700371138255286e+04
6.173065216890970623e+04
5.555375706672668457e+04
4.741470430692037189e+04
5.824516949590047443e+04
4.952112861919403076e+04
4.666125825564066326e+04
5.206398479111989582e+04
4.728813406848907471e+04
4.918600105953216553e+04
6.059536872577667236e+04
5.258730146408081055e+04
5.838809000333150470e+04
5.453982596047719562e+04
5.802633349323272705e+04
4.959599865436553955e+04
5.204157583618164062e+04
5.244107125790914142e+04
5.640495378239949787e+04
5.083781127834320068e+04
6.594897846698760986e+04
6.205715710322061932e+04
5.330129376983642578e+04
5.534982115904489910e+04
5.604835748704274738e+04
5.043773853460947430e+04
5.227386288738250732e+04
5.871093968200683594e+04
6.713456097221374512e+04
6.488898485914865887e+04
6.207098614565531170e+04
6.748385039774577308e+04
5.495281481679280841e+04
6.117240416495005047e+04
6.159869706853231037e+04
4.859987008253733075e+04
5.951693362013498700e+04
5.396457231871286785e+04
5.791197701422373211e+04
5.415030759620666504e+04
4.579296108881632244e+04
4.817789683500925457e+04
5.527176517073313153e+04
5.692050667858123779e+04
5.391630737686157227e+04
7.187802545293171715e+04
5.003201385720571125e+04
5.557541284592946613e+04
4.872389676698049152e+04
6.430248752466837323e+04
5.489578941281636799e+04
5.509256740220388019e+04
5.750938825829824054e+04
5.913296246210733807e+04
6.577664566230773926e+04
6.160539505004882812e+04
4.797234155368804932e+04
5.596283166058858478e+04
5.887314990711212158e+04
6.857236905225117516e+04
7.507072409820556641e+04
4.987448179340362549e+04
6.047121270974477375e+04
5.813770253880818927e+04
5.395786892604827881e+04
5.796037790966033936e+04
5.969855961863199627e+04
6.119335479704538739e+04
5.586503109931945801e+04
5.256235612614949787e+04
5.914871925290425861e+04
6.013270789623260498e+04
5.418393711662292480e+04
5.494805242951711261e+04
4.742055294291178143e+04
4.876494475269317627e+04
6.700675493240356445e+04
5.267585521570841229e+04
5.487125612195333088e+04
6.241203046067555988e+04
5.429625944646199787e+04
5.324976004409790039e+04
5.586096614329019940e+04
5.681274492200215900e+04
5.399916988499959552e+04
4.800207432365417480e+04
4.721308110682169354e+04
6.324894759591420734e+04
5.814387838427225506e+04
6.097691199493408203e+04
5.885301463667551434e+04
5.515459596538543701e+04
5.262243904463449871e+04
8.329410345840454102e+04
6.808946623961131263e+04
7.027796328894297767e+04
6.304660285441080487e+04
7.272980211830139160e+04
7.183740362898509193e+04
8.147360833899180579e+04
7.184360175609588623e+04
8.220135550085704017e+04
6.300839172522226727e+04
6.295557688045501709e+04
6.387238180700937664e+04
6.547711311499277508e+04
7.193268280029296875e+04
7.109114506880442786e+04
6.417755249532064045e+04
7.780244947528839111e+04
6.530829161485036457e+04
7.346407680956523109e+04
6.972587527179718018e+04
8.654749988714854408e+04
6.543450659052530682e+04
6.730137601598103356e+04
6.376183558972676838e+04
7.003283492946624756e+04
8.829793343607585120e+04
7.913785343233744788e+04
6.979915312163035560e+04
7.880998985926310706e+04
7.507545360819499183e+04
6.604240616099040199e+04
6.674966817982991051e+04
6.142810538482666016e+04
6.628013342094421387e+04
6.148939356803894043e+04
7.123663908894856286e+04
6.565766687997181725e+04
6.712651539707183838e+04
6.380176032670339191e+04
6.956377700424194336e+04
6.898892228190104652e+04
8.223963873322804284e+04
6.391518967787424481e+04
7.942387175051371742e+04
7.765806379477183509e+04
6.405080524190267170e+04
6.950668037255604577e+04
8.429606752077738929e+04
7.429671091938018799e+04
7.285432523727416992e+04
7.113072886371612549e+04
7.215842561912536621e+04
8.412884350331623864e+04
7.330061188252766442e+04
6.606393142477671790e+04
7.311625393644969154e+04
6.479805783240000164e+04
7.201934841601054359e+04
6.955042776012420654e+04
6.637751172478993249e+04
6.198313222885131836e+04
6.767252731895446777e+04
6.973847721195220947e+04
6.705656934038798499e+04
6.567505616156260658e+04
7.386348591009776283e+04
7.666301987234751869e+04
7.106216406917572021e+04
7.536653384335835290e+04
6.953599009831745934e+04
7.744541200065612793e+04
6.375259536139170086e+04
5.839334156322479248e+04
6.894832620620727539e+04
5.833118860562642658e+04
6.331414283084869385e+04
6.394830544535318768e+04
6.430536295795440674e+04
6.721300687185923744e+04
6.580217263793945312e+04
7.270096674633026123e+04
7.588311191431681800e+04
6.456352390925089276e+04
6.827605234209696937e+04
7.616490526835124183e+04
7.457464612833659339e+04
7.427773874696095299e+04
7.464890610535939049e+04
6.522477066516876221e+04
7.151787638568878174e+04
5.602199882157643879e+04
6.514846625677744305e+04
6.598938626225788903e+04
6.902576679134368896e+04
7.681031582482655358e+04
8.382988686879475426e+04
6.446385414854685223e+04
8.629416360410054040e+04
8.753065845139820885e+04
7.219062044111888099e+04
9.574129752826690674e+04
8.385436361662547279e+04
9.524383565457661462e+04
9.873600485706329346e+04
1.161408527498245239e+05
9.776789020125071693e+04
8.237328948656718421e+04
9.077761120446522546e+04
7.926384789943695068e+04
8.376582603009541344e+04
8.413482720375061035e+04
8.483122090530395508e+04
8.773891041151683021e+04
9.649364790471394372e+04
9.499342213630676270e+04
8.000616644573211670e+04
9.483794080575306725e+04
9.358908802827198815e+04
8.946071470101673913e+04
9.019154194355010986e+04
8.956559617900848389e+04
9.907353297011058021e+04
8.140111209170024085e+04
8.089549635378520179e+04
8.455013053035736084e+04
9.108792092927296471e+04
8.756053554153442383e+04
8.381899385579426598e+04
1.034269298226038663e+05
7.387118208217620850e+04
9.164395577367146325e+04
9.784607059987385583e+04
8.626583208529154945e+04
7.801931873830159020e+04
8.239089020156860352e+04
7.917757830746968102e+04
9.481238340536753822e+04
8.292213267453511071e+04
8.647771687316894531e+04
8.318484968884785485e+04
8.695930323696136475e+04
8.101911316649119544e+04
9.818809005769093346e+04
9.423591781870524574e+04
9.165501161193847656e+04
7.757818588097889733e+04
8.589558592828114342e+04
9.246000579706828285e+04
8.642017089080810547e+04
8.345780548604328942e+04
8.344238653310139489e+04
8.489059093062083411e+04
8.482123551368713379e+04
7.471654768562316895e+04
8.701401071135203529e+04
8.559607956409454346e+04
7.497746331977844238e+04
9.185430046272277832e+04
9.556873756027221680e+04
8.024286341381072998e+04
8.059698585224151611e+04
9.364483676910400391e+04
7.825851883061726403e+04
9.241035319360096764e+04
8.935975186061859131e+04
9.232406663290660072e+04
9.392712019793193031e+04
9.546557412370045495e+04
1.046499233716328890e+05
8.712218359088897705e+04
8.342435871664683509e+04
1.058925985638300626e+05
8.484569711653392005e+04
9.448421419175465417e+04
9.879125586382548499e+04
8.097580592123667884e+04
7.989980796527862549e+04
9.222463162962596107e+04
8.531503979142506432e+04
8.556585659154255700e+04
9.039584617932637047e+04
9.550148591709136963e+04
8.811809110609690833e+04
8.671289572175343346e+04
8.752869542980194092e+04
9.919395054117839027e+04
9.458397320238749671e+04
1.172702090018590243e+05
9.405128057003021240e+04
1.040326690111160278e+05
9.666739599768321204e+04
9.253641266759236169e+04
8.894641606140136719e+04
8.135636734930674720e+04
9.494456175835926842e+04
1.010296913544337003e+05
8.963892313321430993e+04
8.614589484087626624e+04
1.006595009584426880e+05
8.413722340075175453e+04
1.061282472791671753e+05
9.469754526360829186e+04
1.106559701366424561e+05
1.112588012685775757e+05
9.787576951567332435e+04
1.020812896515528410e+05
1.007596765111287386e+05
1.310488110291163175e+05
1.179335441471735685e+05
1.041825659770965576e+05
1.199894354813893588e+05
1.288870485604604037e+05
1.202921345516840665e+05
1.163180811567306519e+05
1.039796447677612305e+05
1.067914125286738126e+05
1.128397189747492521e+05
1.128889554694493563e+05
9.630589576466877770e+04
1.159721772228876798e+05
1.345108960663477483e+05
1.048301996615727694e+05
1.235911201499303133e+05
1.008837005538940430e+05
1.229770082880655973e+05
1.208559272222518921e+05
1.184182111549377441e+05
1.271120704577763827e+05
1.258529296655654907e+05
1.114646213385264127e+05
1.027479402446746826e+05
1.167233984133402555e+05
1.222579579168955534e+05
9.977621215852101159e+04
1.090089509127934725e+05
1.316011167767842708e+05
1.217914877484639437e+05
1.094867585576375277e+05
1.305099984966913908e+05
1.046740743710200040e+05
1.127587421277364047e+05
1.118689014002482145e+05
1.095821755326588900e+05
1.055466742382049561e+05
1.264445185155868530e+05
1.227917523454030306e+05
1.049043617324829102e+05
1.010654076512654574e+05
1.090989372622172086e+05
9.457058564599354577e+04
1.043526948102315218e+05
1.206272230707804410e+05
8.626204089291889977e+04
9.196512981160481286e+04
8.913028099600474525e+04
9.164880344390869141e+04
1.176033999544779508e+05
1.336688241478601994e+05
1.038176531559626310e+05
1.058456929340362549e+05
1.075481312039693148e+05
1.216459026133219450e+05
1.182217300227483065e+05
1.082131380084355624e+05
1.005914152050018311e+05
1.212621417201360018e+05
1.109324002164204867e+05
1.014562741263707430e+05
1.002637444089253695e+05
1.062216270802815707e+05
1.260450920918782504e+05
9.886967921479542565e+04
1.238923328660329134e+05
1.098138641297022550e+05
1.082240554402669222e+05
1.034059260463714600e+05
1.233263758481343539e+05
1.259580671876271517e+05
1.088403363780975342e+05
1.260121233723958285e+05
1.199093492762247770e+05
1.183355124940872192e+05
1.051787810424168856e+05
1.383913482170104980e+05
1.014255841350555420e+05
1.219723162463506014e+05
1.166578204491933138e+05
1.202134770253499300e+05
9.804019904136657715e+04
1.442052422176996770e+05
1.118865093564987183e+05
1.017874806626637728e+05
1.041901129967371671e+05
1.121380042254130094e+05
1.318374034929275513e+05
1.390792642949422298e+05
9.767000095303852868e+04
1.288910960063934326e+05
1.145183281847635953e+05
1.155656135857899935e+05
1.360232378390630183e+05
1.338912384373346868e+05
1.862704750232696533e+05
1.618167068087259831e+05
1.484566226565043034e+05
1.490415855258305965e+05
1.645589813035329280e+05
1.588277779229482112e+05
1.591003090219497681e+05
1.423019573968251643e+05
1.553429356613159180e+05
1.275080547978083341e+05
1.491363150094350276e+05
1.629448669452667236e+05
1.615081661268869939e+05
1.566242518113454280e+05
1.667021560777028499e+05
1.519469784291585383e+05
1.351938414141336980e+05
1.216046599397659302e+05
1.415280837179819646e+05
1.506256872262954712e+05
1.332303909931182861e+05
1.284847078326543124e+05
1.302194086580276489e+05
1.140282498143513949e+05
1.587834393250147405e+05
1.183337417252858431e+05
1.316269097518920898e+05
1.519424599428176880e+05
1.307065666643778532e+05
1.376516611665090022e+05
1.311272562774022517e+05
1.427996301937103271e+05
1.322997669385274348e+05
1.279658344014485629e+05
1.195680156297683716e+05
1.438671626513799129e+05
1.330728662439981999e+05
1.412385042400360107e+05
1.432351140988667903e+05
1.345131126839319768e+05
1.436492797590891423e+05
1.376037065029144287e+05
1.382822311353683472e+05
1.547612891565958562e+05
1.485173161837259831e+05
1.563331591358184814e+05
1.374173512624104915e+05
1.392337053238550725e+05
1.429490505167643132e+05
1.368430369513829646e+05
1.241223391965230257e+05
1.626529890108108521e+05
1.361067095581690373e+05
1.329577462520599365e+05
1.401459202947616577e+05
1.127575128402709961e+05
1.172359939336776733e+05
1.438852847957611084e+05
1.285374030911127775e+05
1.361559647922515869e+05
1.429180844685236516e+05
1.545374778270721436e+05
1.262039010152816772e+05
1.582535942602157593e+05
1.597220925369262695e+05
1.497164935328165593e+05
1.448807834863662720e+05
1.393129375330606999e+05
1.533110070838928223e+05
1.483741673657099309e+05
1.468510484104156494e+05
1.519028992427190242e+05
1.473091423021952214e+05
1.256970379679997714e+05
1.561042343819936214e+05
1.519352098064422607e+05
1.458008898455301824e+05
1.409067660573323665e+05
1.360788059565226140e+05
1.350093544610341487e+05
1.280827983261744230e+05
1.658071338109970093e+05
1.295930131785074918e+05
1.366705920429229736e+05
1.694271903228759766e+05
1.285835450143814087e+05
1.285374324398040771e+05
1.558073665148417058e+05
1.429501032886505127e+05
1.543075287227630615e+05
1.251942855024337769e+05
1.331741498292287288e+05
1.512279994042714534e+05
1.554002652451197209e+05
1.515084005975723267e+05
1.549898005002339778e+05
1.435360343742370605e+05
1.542306150166193547e+05
1.656264355767568049e+05
1.825641623026529851e+05
2.230373050524393620e+05
1.726101451721191406e+05
1.641759472510019841e+05
1.800276432549158635e+05
1.684278788932164607e+05
1.921260713742574153e+05
1.526336239735285344e+05
1.990457099711100163e+05
2.071150302661260066e+05
1.640561442352930608e+05
1.640867370128631592e+05
1.629458774782816472e+05
2.045023081363042293e+05
1.773542725985845027e+05
1.777019898627599177e+05
1.567227848472595215e+05
1.651634022890726628e+05
1.577996466687520442e+05
1.841176799936294556e+05
1.516764786939620972e+05
1.672562426907221379e+05
1.398254728320439754e+05
1.607543609498341975e+05
1.738467789309819636e+05
1.392656442047754826e+05
1.687335939881006780e+05
1.671207736088434758e+05
1.700325836400985718e+05
1.782974899571736751e+05
1.759432853631973267e+05
2.034342874609629216e+05
1.640989206978479924e+05
1.930643462750116887e+05
1.816339908132553101e+05
1.671269804239273071e+05
1.679962341092427669e+05
1.797693334341049194e+05
1.777056564931869507e+05
1.687303479951222835e+05
1.644532750968933105e+05
1.457652310781478882e+05
1.607971446698506770e+05
1.424233473787307739e+05
1.643807652413050237e+05
1.801014622246424260e+05
1.700275613746643066e+05
1.840908815790812077e+05
1.728603613201777043e+05
1.943706687246958318e+05
1.845994946784973145e+05
1.660392365757624211e+05
1.509919413696924748e+05
1.659186864109039307e+05
1.649282334232330322e+05
1.714006157204310002e+05
2.041453788328170776e+05
1.576890041662851872e+05
2.059900195379257202e+05
1.761671998469034734e+05
1.578817604745229182e+05
1.702177906659444270e+05
2.116490353336334229e+05
1.466942760855356755e+05
1.793201865936914983e+05
1.901537139622370305e+05
1.888493956082662044e+05
1.726985323797861638e+05
1.698879318631490169e+05
1.708169101476669312e+05
1.619916645577748714e+05
1.521650088268915715e+05
2.269116827449798584e+05
1.577549332033793034e+05
1.468669070717493596e+05
1.677810832567214966e+05
1.621877373294830322e+05
1.747902324883143010e+05
1.573657079690297542e+05
1.741530059626897273e+05
1.817988466927210393e+05
1.755365381759007869e+05
2.132801120573679509e+05
1.713999806381861272e+05
1.942857828690210881e+05
1.762837867647806706e+05
2.102962986001968384e+05
1.483584765745798650e+05
2.017485111481348576e+05
2.235864315376281738e+05
1.706852790406545100e+05
1.525646084314981999e+05
1.598515901060104370e+05
1.734936423603693547e+05
1.648892055733998714e+05
1.734985245672861638e+05
1.841679405794143677e+05
2.057687634642919002e+05
1.692014288778305054e+05
1.994761898301442561e+05
2.170796759545008244e+05
1.942811720085144043e+05
1.929204214150110784e+05
2.205893731002807617e+05
1.801065180422464909e+05
2.003719855998357234e+05
1.726076063025792537e+05
2.284059453283945622e+05
1.922498829352060857e+05
1.822537596931457520e+05
1.804444279549916682e+05
1.705019952758153377e+05
1.830583906873067317e+05
2.096736178785959783e+05
2.273737023525238037e+05
1.919314837115605769e+05
1.980808168299992976e+05
2.040830754709243774e+05
1.972790020869573054e+05
2.175543720725377498e+05
1.847388547398249211e+05
2.034500816310246882e+05
1.806521749566396174e+05
1.748468883460362849e+05
2.402526520996093750e+05
1.905681756165822444e+05
1.751260250876744685e+05
1.858082797304789128e+05
1.926473982257843018e+05
1.546536230440139771e+05
1.540447182480494084e+05
2.146852011988957820e+05
1.911209711666107178e+05
1.767890207764307561e+05
1.883725791435241699e+05
1.742881559448242188e+05
2.156248000707626343e+05
1.867899356924692693e+05
1.699777660013834538e+05
1.985640387455622258e+05
1.626118899682362971e+05
1.900261439085006714e+05
2.103595768515268865e+05
1.894528519248962402e+05
2.021715176410675049e+05
1.812753667774200439e+05
2.170415961856842041e+05
1.987235445464452205e+05
2.090342777814865112e+05
1.825149267613092961e+05
1.792748472398122249e+05
2.146983867444992065e+05
1.660746663389205933e+05
1.945211682669321599e+05
1.766079067659378052e+05
2.185603960158030095e+05
1.795793945433298650e+05
1.736186014808019099e+05
2.274119748840332031e+05
1.992245100215276179e+05
1.843609023631413875e+05
2.136487146558761597e+05
1.943641241868337092e+05
1.807048298304875789e+05
1.582165111160278320e+05
1.972890528291066585e+05
1.958696043011347356e+05
2.077557384802500310e+05
2.074965870459874568e+05
1.820217292458216252e+05
2.025280862773259578e+05
2.000159562362035213e+05
1.666239671672185359e+05
2.259892078425089421e+05
1.719848328142166138e+05
2.052375142189661565e+05
1.840972364788055420e+05
1.589696035833358765e+05
1.923629884338378906e+05
1.824642886603673396e+05
1.852649121885299683e+05
2.517489332516988216e+05
1.864571745157241821e+05
2.429737580668131413e+05
1.912781418244043889e+05
2.106124348382949829e+05
1.924971996987660823e+05
1.966423961613973079e+05
1.849983678805033269e+05
1.812192289199829102e+05
2.292543873224258423e+05
1.879923617696762085e+05
2.254249864412943425e+05
1.825943390315373836e+05
2.002711467351913452e+05
2.005771878684361873e+05
1.779546169675191341e+05
2.139871223738988338e+05
2.288769095335006714e+05
1.950916022364298406e+05
2.087583211377461848e+05
2.158150797233581543e+05
1.920917254530588689e+05
2.070955312922795711e+05
1.870062063261667790e+05
1.860535046621958318e+05
1.888502161108652654e+05
1.871038370634714665e+05
2.345566800038019719e+05
2.122322627426783147e+05
2.058091848456064763e+05
2.389961530625025334e+05
2.064551401023864746e+05
1.886606920550664363e+05
2.014756309814453125e+05
1.860647250162760320e+05
1.988716770477294922e+05
1.870550483245849609e+05
2.309962374483744206e+05
2.358267388277053833e+05
2.067458923066457210e+05
1.852549720859527588e+05
1.866923872324625554e+05
1.818723786656061711e+05
1.891348999608357844e+05
2.106355554218292236e+05
1.650767799844741821e+05
2.094007359161376953e+05
2.164558094104131160e+05
1.907728323888778687e+05
2.093045147647857666e+05
2.246980593341191707e+05
2.145259654235839844e+05
2.476420204572677612e+05
2.226724982506434026e+05
1.776471358016332088e+05
1.947592048673629761e+05
2.131302992410659790e+05
1.909148530127207341e+05
2.037365676266352239e+05
1.945830100288391113e+05
2.102357159134546819e+05
2.004931290648778377e+05
1.958172739966710506e+05
1.968904396839141846e+05
2.064480833075841365e+05
2.478922534755071101e+05
1.960690027322769165e+05
1.906009787848790584e+05
2.274605942122141423e+05
1.959349164355596004e+05
1.980785033334096370e+05
1.876937125202814641e+05
1.653988446687062678e+05
2.279448415641784668e+05
1.716555386753082275e+05
1.565093021952311101e+05
1.975662697525024414e+05
1.977036480073928833e+05
2.415285751889546809e+05
1.989916402308146062e+05
1.938866917578379216e+05
2.080429173854192195e+05
2.230720730044046941e+05
2.167153769572575984e+05
2.205097416508992610e+05
2.073105441013971868e+05
1.790573987992604671e+05
1.858070532372792659e+05
2.092106216494242253e+05
2.091953473281860352e+05
2.001692637513478694e+05
1.989340803492864070e+05
1.955133169895807805e+05
2.088277933349609375e+05
1.891692323576609197e+05
1.956470318161646428e+05
2.159073904918034968e+05
2.558657796964645386e+05
2.462570660028457642e+05
1.960486347888310847e+05
1.638225013491312566e+05
1.915171767641703191e+05
1.877092468684514461e+05
1.736231211433410645e+05
2.227720485436121526e+05
2.136981826238632202e+05
1.811332755705515447e+05
2.170849155200322566e+05
2.017037993993759155e+05
2.293939190794626775e+05
1.908243233737945557e+05
1.880822407242456975e+05
2.063919710375467839e+05
1.611354558413823543e+05
1.787100086390177312e+05
1.935888281434377132e+05
2.003594608758290706e+05
1.845828375078836980e+05
2.408574063482284546e+05
1.785028594690958562e+05
2.231268432188034058e+05
2.202462933985392156e+05
1.937724248743057251e+05
1.856025994682312012e+05
1.893111114908854070e+05
1.784314760173161922e+05
2.089491161327362061e+05
2.067261374947229924e+05
2.056566836398442683e+05
2.083782629038492742e+05
1.937489711898168025e+05
2.184902805271148682e+05
2.068036819610595703e+05
1.892087744309107366e+05
1.665560398820241389e+05
1.893217514756520686e+05
1.980986645797093806e+05
1.899245008719762263e+05
1.626876827042897639e+05
2.146142277193069458e+05
1.718077147922515869e+05
1.893449967543284001e+05
1.870765407403310237e+05
1.874812312981287541e+05
1.778162961063385010e+05
1.813034111302693782e+05
1.726593980147043767e+05
1.824610710795720515e+05
1.805488347155252995e+05
1.871120558490753174e+05
2.008341845871607366e+05
2.049055943164825439e+05
1.911343789911270142e+05
1.985785661109288631e+05
1.874858924160003662e+05
1.779112422949472966e+05
1.952710122890472412e+05
1.687180243024826050e+05
1.904387548615137639e+05
1.962118726081848145e+05
2.250416942981084285e+05
1.645538965600331721e+05
1.995441712045669556e+05
2.146877989015579224e+05
2.040154310779571533e+05
2.022553934596379695e+05
1.759964564708074031e+05
1.694828620414733887e+05
1.987896899544397893e+05
2.373296134201685491e+05
1.844707220144271851e+05
1.770332222468058171e+05
1.777190537878672185e+05
1.755730315268834529e+05
2.114156666965484619e+05
1.833263639755249023e+05
2.010086872825622559e+05
2.121334509000778198e+05
1.949403616250356135e+05
1.814390667279561458e+05
1.954749849637349544e+05
2.192403388182322087e+05
1.797076846218109131e+05
1.774282056735356746e+05
2.005397080364227295e+05
2.086813148603439331e+05
1.815148248071670532e+05
1.911970375083287654e+05
2.177287985073725285e+05
1.652690038750966487e+05
1.978823502140045166e+05
1.993299685878753662e+05
1.902292421560287476e+05
2.118544647455215454e+05
1.975978550189336238e+05
1.852547167657216487e+05
1.808411149670282903e+05
1.649570457706451416e+05
2.051159186515808105e+05
2.006284821815490723e+05
2.309900037113825383e+05
2.172935682951609197e+05
1.852099982194900513e+05
1.814585320927301946e+05
1.715569592707951961e+05
2.180836865428288875e+05
1.752431650428771973e+05
2.106861012283960881e+05
1.960433779023488460e+05
1.831845312852859497e+05
2.453076044766108098e+05
1.951008191827138362e+05
2.263806432097752986e+05
2.245408260240554810e+05
2.087697021541595459e+05
1.759117710081736150e+05
1.751884727255503240e+05
2.090001069176991878e+05
1.747743442633946834e+05
2.109012985601425171e+05
1.608825929091771541e+05
1.940578893871307373e+05
1.795700151208241878e+05
2.201395458841323853e+05
1.784433893292745051e+05
1.738243286104202271e+05
1.532210438410440984e+05
1.483952735837300716e+05
1.664626312259038386e+05
1.724351240774790349e+05
1.543764823875427246e+05
1.823307874072392879e+05
1.780116427100499568e+05
1.764265273145039973e+05
1.664890082880655827e+05
1.692806937945683894e+05
1.721141044375101628e+05
1.862782907975514827e+05
2.020293463996251521e+05
1.867670668805440364e+05
1.783319091812769475e+05
2.162857708768844604e+05
1.910964793968200684e+05
1.849746038754781184e+05
1.820767294025421143e+05
1.651273240677515569e+05
1.527182763150533137e+05
1.818939837144215999e+05
1.477318244584401546e+05
1.716530058291753230e+05
1.550856957155863347e+05
2.080698644170761108e+05
1.599292128384908137e+05
1.649388540108998714e+05
1.578750173104604182e+05
1.669253593934377132e+05
2.022584555705388484e+05
1.544437580207189021e+05
1.730342784805297852e+05
1.860021910994847713e+05
1.632508024676640925e+05
1.731991893043518066e+05
1.638866111262639461e+05
1.941930559724172053e+05
1.662878065789540706e+05
1.534303627573648992e+05
1.591120395453771052e+05
1.764330406583150325e+05
1.528534140030542912e+05
1.851600682792663574e+05
1.641387595329284668e+05
1.493937835826873779e+05
1.805472292528152466e+05
2.226628160476684570e+05
1.764172901347478328e+05
1.538768136898676457e+05
1.975428372332254949e+05
1.993325770454406738e+05
1.925239759591420589e+05
1.885274431511560979e+05
1.999509349718093872e+05
1.734496393248240056e+05
1.614435110076268611e+05
1.687824084421793523e+05
1.998164686606725154e+05
1.797801606458028255e+05
2.416889724547068181e+05
1.955701181666056218e+05
1.713186822134653630e+05
1.753158927100499568e+05
1.835167161823908391e+05
1.640863862565358577e+05
1.801003992207845149e+05
2.036766645129521785e+05
1.716347466808954778e+05
2.080763700428009033e+05
1.794447134882608952e+05
1.804515453395843506e+05
1.647847795461018977e+05
1.544627837642033992e+05
1.802872934144338069e+05
1.855942377303441463e+05
1.858832385851542058e+05
1.682038429266611638e+05
1.722550971546173096e+05
1.660616049267450871e+05
1.920165898958841863e+05
2.058049943882624211e+05
1.899533114859263005e+05
1.899379089622497559e+05
1.954856999168395996e+05
2.075037634553909302e+05
1.748427778752644954e+05
1.773470774583816528e+05
1.522482266502380371e+05
1.750237632471720281e+05
1.674081888605753484e+05
1.554555683212280273e+05
1.767303088493347168e+05
1.608253967727025447e+05
2.108421273244222102e+05
1.696900592260360718e+05
1.666683147764205933e+05
1.889006692161560059e+05
1.719774458344777522e+05
1.667730500208536687e+05
1.679465471582412720e+05
1.476876113115946355e+05
1.687244735711415706e+05
1.688291873213450017e+05
1.361654411087036133e+05
1.553523432782491145e+05
1.584540771004358830e+05
1.507598833761215210e+05
1.422358554722467961e+05
1.589867546183268132e+05
1.688621903750101628e+05
1.620018547585805354e+05
1.709037967516581120e+05
1.539727839012145996e+05
1.890958009096781316e+05
1.637881235555013118e+05
1.568887890427907405e+05
1.441039488391876221e+05
1.562987906026840210e+05
1.251005935010910034e+05
1.585052037944793701e+05
1.542338559462229314e+05
1.772727895065943303e+05
1.888803518743515015e+05
1.778693129119873047e+05
1.374684704469045100e+05
1.442784334077835083e+05
1.742662587537765503e+05
1.607971709829966130e+05
1.530645205233891902e+05
1.696731669381459651e+05
1.681719162298838201e+05
1.455027258904775081e+05
1.457652860364913940e+05
1.598221747722625732e+05
1.285524907264709473e+05
1.394207677450180054e+05
1.419735491383870540e+05
1.604683543233871460e+05
1.490048100611368718e+05
1.836884892800649104e+05
1.638994474350611272e+05
1.674572872279485164e+05
1.417746414521535335e+05
1.595329053503672185e+05
1.573069376999537053e+05
1.590571428216298518e+05
1.840329861240386963e+05
1.775153611583709717e+05
1.619505930312474666e+05
1.447055671396255493e+05
1.769704628092447820e+05
1.734524776725769043e+05
1.364135756174723210e+05
1.466378667116165161e+05
1.587468471523920598e+05
1.782808324807485042e+05
1.652459589474996028e+05
1.491846581182479858e+05
1.458253418779373169e+05
1.593635938103993831e+05
1.557491058712005615e+05
1.618076247587203979e+05
1.685478505102793279e+05
1.547892308956781926e+05
1.424793909279505315e+05
1.794619028984705510e+05
1.557192189877828059e+05
1.733836283397674561e+05
1.614873926604588924e+05
2.150309115314483643e+05
1.749229088306427002e+05
1.652964921375910344e+05
1.738658025341033936e+05
1.463102277698516846e+05
1.545563380597432551e+05
1.572021997076670232e+05
1.535444653313954768e+05
1.872291348940531316e+05
1.481040868682861328e+05
1.435474212312698364e+05
1.755213954868316650e+05
1.711042270288467407e+05
1.586898147436777654e+05
1.569621425485610962e+05
1.716779224732716975e+05
1.699093045546213689e+05
1.665131363671620784e+05
1.823331634496053157e+05
1.654204255580902100e+05
1.673480381889343262e+05
1.488700175282160344e+05
1.447776369155248103e+05
1.635937194328308105e+05
1.589984212840398250e+05
1.373632468007405696e+05
1.445879534686406550e+05
1.402341283493041992e+05
1.476896938352584839e+05
1.652973314539591374e+05
1.381443290497461858e+05
1.163204728825886996e+05
1.504127623214721680e+05
1.342506089429855347e+05
1.345900205135345459e+05
1.524451868883768620e+05
1.148744817504882812e+05
1.316645496896108089e+05
1.311997549482981267e+05
1.227144547449747770e+05
1.587641808942159114e+05
1.159258217868804932e+05
1.344454334354400635e+05
1.443711284405390325e+05
1.427784196831385198e+05
1.449028365790049138e+05
1.250708547817866056e+05
1.527395771754582820e+05
1.319747481686274114e+05
1.397023881721496582e+05
1.326867629451751709e+05
1.470962328681945801e+05
1.433985298871994019e+05
1.432783815911611018e+05
1.329999756240844727e+05
1.218448037850062101e+05
1.191232610670725553e+05
1.295738978598912508e+05
1.616077008647918701e+05
1.669899268318811955e+05
1.312937555843988957e+05
1.470092392257054744e+05
1.290234461135864258e+05
1.275068844588597567e+05
1.586704777317047119e+05
1.446184343175888062e+05
1.418320318892796931e+05
1.289104764674504549e+05
1.236489883511861117e+05
1.563140465005238948e+05
1.381765843741098943e+05
1.223378425289789884e+05
1.498066815522511897e+05
1.279923243347803800e+05
1.433567626387278142e+05
1.332210666106542049e+05
1.593149930849075317e+05
1.355650308809280396e+05
1.276073106307983398e+05
1.323453856452306209e+05
1.587062287206649780e+05
1.401208553050359187e+05
1.571588988787333074e+05
1.446770594323476253e+05
1.592270740693410335e+05
1.337709802977243962e+05
1.703049861453374324e+05
1.595304121058782039e+05
1.312042069880167546e+05
1.421130863606134953e+05
1.321742861658731999e+05
1.143151265681584628e+05
1.103647295433680265e+05
1.386666029841105046e+05
1.275275291945139616e+05
1.165197634379069059e+05
1.308825687548319547e+05
1.284491260274251254e+05
1.374425892190933228e+05
1.359580244824091496e+05
1.337197076670328679e+05
1.499988524487813411e+05
1.641495347668329778e+05
1.784185254987080989e+05
1.801610357424418034e+05
1.475405540390014648e+05
1.292687011372248380e+05
1.545090119908650813e+05
1.439882959973017278e+05
1.301891773904164584e+05
1.457657305606206355e+05
1.390138382679621282e+05
1.442395112015406194e+05
1.401211259222030640e+05
1.409336746896108089e+05
1.349575412569046021e+05
1.724838357493082585e+05
1.529772229706446233e+05
1.269073637930552213e+05
1.317417257273992000e+05
1.458846250359217229e+05
1.542646426248550415e+05
1.166339080177942960e+05
1.139421961660385132e+05
1.202519159517288208e+05
1.267912529602050781e+05
1.259816484041213989e+05
1.167503022813796997e+05
1.201434819444020541e+05
1.013854253342946322e+05
1.157361255442301481e+05
1.357172728370030818e+05
1.157387860027949064e+05
1.063933006445566862e+05
1.352300917905171809e+05
1.178836216719945223e+05
1.214524004968007357e+05
1.030605017000834196e+05
1.088423202171325684e+05
1.174813371543884277e+05
1.060869874401092529e+05
1.113484043750762939e+05
1.097159612538019865e+05
1.247083206939697266e+05
9.947310984547932458e+04
1.125899960921605380e+05
1.096751764049530029e+05
1.135922770522435458e+05
1.136372002375920565e+05
1.331998969030380249e+05
1.003472056802113802e+05
1.173480289185841830e+05
1.037623110437393188e+05
1.298786245514551847e+05
1.378578968076705933e+05
9.650545518112182617e+04
1.229915688749949186e+05
1.280058107684453280e+05
1.037596503365834506e+05
1.170172575480143278e+05
1.338902452020645142e+05
1.284516335226694791e+05
1.078520836089452059e+05
1.259820052754084318e+05
1.098644436588287354e+05
1.163046710777282715e+05
1.177798111642201693e+05
1.170745978256861417e+05
1.146561626577377319e+05
1.271907464249928744e+05
1.117833566134770663e+05
9.921495264975230384e+04
1.120987905012766569e+05
1.021437756449381559e+05
1.065808867006301880e+05
1.278194096822738647e+05
1.007426098578770907e+05
1.310297764231363981e+05
1.174653401565551758e+05
1.037179243605931551e+05
1.151326347551345825e+05
9.644944963359832764e+04
1.242448947747548373e+05
1.204325430450439453e+05
1.201380245761871338e+05
1.287999229243596346e+05
1.099026576191584318e+05
1.188905317808787077e+05
1.232195982964833529e+05
1.206092886158625333e+05
1.178447134469350131e+05
1.093547789233525546e+05
1.051862126181920321e+05
1.218910135431289673e+05
1.146470290342966764e+05
1.211419641987482755e+05
1.139138435891469271e+05
1.054713123149871826e+05
1.122058854598999023e+05
1.073158485250473022e+05
1.186706791035334318e+05
9.965383880201975990e+04
1.105867269922892301e+05
1.033546997674306185e+05
1.129131248683929443e+05
1.159240690107345581e+05
9.897767489814758301e+04
1.124744553915659635e+05
1.321217609990437923e+05
1.069007105182011874e+05
1.144655408115386963e+05
1.215348966706593783e+05
1.372154209766387939e+05
1.152969146912892611e+05
1.179461222229003906e+05
1.150306622126897128e+05
1.242186863422393799e+05
1.199803398380279541e+05
1.096828669335047452e+05
1.198279223655064852e+05
1.230819146725336759e+05
1.179670564263661654e+05
1.052490766957600863e+05
7.657590054702758789e+04
9.812745625082652259e+04
1.213921089220046997e+05
1.096245609461466520e+05
9.301875302728016686e+04
9.079173260402679443e+04
8.713675870196025062e+04
8.960731812286376953e+04
9.360653129609425378e+04
8.439018617534637451e+04
9.646870548566181969e+04
8.435479120063781738e+04
9.029868415927886963e+04
8.579038140328724694e+04
7.609149527804057288e+04
8.109497846031188965e+04
1.135555208536783903e+05
9.063962556393940758e+04
9.331886875120799232e+04
8.537862138112385583e+04
1.001252633781433105e+05
9.415094434038798499e+04
9.626793323580424476e+04
9.652760688749949622e+04
9.976427689329783607e+04
8.392745610109965492e+04
8.371008523813883949e+04
1.100043899424870760e+05
1.113007829147974699e+05
8.662019636185963464e+04
9.232325277837117028e+04
8.240946487490336585e+04
9.451659344863891602e+04
8.696370595296223473e+04
7.575889326826731849e+04
8.815858113574981689e+04
9.573614643669128418e+04
8.744518937047322106e+04
9.619629462210337806e+04
1.051568478622436523e+05
1.024844631522496493e+05
1.065770643246968539e+05
9.269902067629496742e+04
9.213791946951548744e+04
9.588386401780445885e+04
9.024200725364685059e+04
9.181820759328205895e+04
9.370341808350880456e+04
9.781587457847595215e+04
8.141854841391246009e+04
8.301626815446217370e+04
1.021209900480906217e+05
9.869042957178752113e+04
9.016391864808399987e+04
8.388538617293040443e+04
1.018978264554341586e+05
1.095650209099451749e+05
9.630735757001240563e+04
1.074342781794865878e+05
9.921592700163523841e+04
9.309754756069183350e+04
9.362001087379455566e+04
9.497427500247955322e+04
9.519140117899577308e+04
8.974216163508097816e+04
9.227182557328541589e+04
9.799316964817047119e+04
8.075788329887390137e+04
7.785739795875549316e+04
9.511388405481974769e+04
7.948201374753315758e+04
1.067831452318827360e+05
1.014311942981084139e+05
9.975642637983958411e+04
1.017939116500218661e+05
9.293957479572296143e+04
1.061274334068298340e+05
8.837025940958659339e+04
9.420477667140960693e+04
8.932813848559062171e+04
9.579134288152058434e+04
9.955817400010426354e+04
8.913159090963999915e+04
8.144863931751251221e+04
7.996437739054362464e+04
1.133527385025024414e+05
9.145083479181925941e+04
9.837549444262187171e+04
8.723508871905009437e+04
8.708600931962330651e+04
9.585887030665080238e+04
8.879398168881733727e+04
9.698509940083821130e+04
9.520065502262115479e+04
8.632014441140492272e+04
8.577441709232330322e+04
8.269226608530680824e+04
8.609504968420664954e+04
1.036173036804199219e+05
8.083636851819355797e+04
6.899198473517100501e+04
8.733049131933848548e+04
8.329379683685302734e+04
8.896067770512898278e+04
7.851420348072052002e+04
7.365019806416828942e+04
8.389255319277445960e+04
7.969734100341796875e+04
7.818332677904765296e+04
7.813528389581044030e+04
7.683483227793376136e+04
7.144566214942932129e+04
7.787546678543090820e+04
8.149398966503143311e+04
7.530902219072978187e+04
6.817918465836842370e+04
9.314028822867076087e+04
6.530091707960764325e+04
5.408149315802256024e+04
6.536660682010650635e+04
6.961758043352763343e+04
6.151126490879058838e+04
6.807732087580363441e+04
5.829742382113138592e+04
6.541395408884684002e+04
6.195259676901499188e+04
6.305786911582946777e+04
6.852996834278106689e+04
6.507661263656616211e+04
7.495686373043060303e+04
7.785053171094258141e+04
1.004991675971349032e+05
8.567964058748881507e+04
6.104521374511718750e+04
7.396436462434132409e+04
7.683449796485900879e+04
7.589304794216156006e+04
8.685354456742604089e+04
9.119965113417308021e+04
7.376811680157978844e+04
7.129493495241801429e+04
8.503295135339100671e+04
6.692075489107768226e+04
7.030722234567005944e+04
6.502980633068084717e+04
6.209207285849253094e+04
6.744742516803741455e+04
6.246892826048532879e+04
6.579262282117207360e+04
6.748968432394663978e+04
8.198725675360362220e+04
6.357323771349588787e+04
6.191868427594503009e+04
6.868162744967143226e+04
7.786049001216888428e+04
6.683593520736694336e+04
6.601662396526336670e+04
6.577545208168029785e+04
7.479075744756062340e+04
8.031549967384338379e+04
7.928959108575184655e+04
7.066002965418498206e+04
6.897543342590332031e+04
7.002872304185231042e+04
7.604569835503895592e+04
6.754721618207295251e+04
7.041126256275177002e+04
7.845554908625285316e+04
9.957205841445922852e+04
7.622719453684489417e+04
7.169306652037303138e+04
7.488686771011352539e+04
6.902488538551330566e+04
7.560369336318969727e+04
7.730349614779154945e+04
7.165167949008941650e+04
6.731924513149261475e+04
6.537285237693786621e+04
6.848825338363647461e+04
7.674366497325897217e+04
7.572536909548442054e+04
6.949203121566772461e+04
7.558649426492054772e+04
6.564452559312184167e+04
7.662518398062388587e+04
7.564802844905853271e+04
6.786607236035664391e+04
7.747566221682231117e+04
7.272487752532958984e+04
7.719171888065338135e+04
6.888813162930805993e+04
7.033412471612294030e+04
6.798966717910766602e+04
7.438674118391673255e+04
8.012064342530567956e+04
7.185512712923686195e+04
6.914819809436798096e+04
6.747510852686564613e+04
7.215376179122924805e+04
6.029320183658599854e+04
5.758995514710744465e+04
5.346561824576059735e+04
5.769147112337747967e+04
5.597840526739756024e+04
5.912501560910543049e+04
5.388694979317983234e+04
4.903034981886545575e+04
5.331227021471659100e+04
4.829521293544769287e+04
4.498086120986938477e+04
5.145656507396697998e+04
5.685249151039123535e+04
6.243141670926412189e+04
5.430450046348571777e+04
5.269398069826761639e+04
5.497604531065622723e+04
5.161396517467498779e+04
5.680962024497985840e+04
5.739261814022064209e+04
6.491436187744140625e+04
5.584357900460561359e+04
5.375033374977111816e+04
5.205309566911061847e+04
5.082514438247680664e+04
4.819129511769612873e+04
5.842423514525095379e+04
5.310044390042623127e+04
5.457913691616058350e+04
5.161227793566385662e+04
5.916852239608764648e+04
6.484621924686431885e+04
5.987436488819122314e+04
6.472754321384429932e+04
5.431719794209798420e+04
6.513879173882802570e+04
7.300526520474751305e+04
6.160500432554880535e+04
5.169921271387735760e+04
5.471751905441284180e+04
5.314583447424570477e+04
5.212836713250478351e+04
5.686880258369445801e+04
4.834792287095388019e+04
5.356455735079447186e+04
4.298378408241271973e+04
5.280659527365366375e+04
6.477825420379638672e+04
5.446217115179697430e+04
6.329272189458211506e+04
5.014966310723622883e+04
6.483331338405609131e+04
5.966779792912801349e+04
6.991509476979573083e+04
7.945430090427398682e+04
6.460569172859191895e+04
5.402481963030496991e+04
6.472991615867614746e+04
5.505618371677398682e+04
5.122793492635091388e+04
4.691348289712270343e+04
6.598962522315979004e+04
5.544481661701202393e+04
5.073760006554921711e+04
5.174312978490193927e+04
5.497305943934122479e+04
6.145692080370584881e+04
6.056639369614919269e+04
8.409299395052592445e+04
5.788058425203958905e+04
5.641542493788401043e+04
6.605140816561381507e+04
6.115613228384653485e+04
5.742758889675140381e+04
5.123409022299448407e+04
5.561410938771565998e+04
5.269225783475240314e+04
5.022613026364644611e+04
5.155087802346547687e+04
5.540388373374938965e+04
5.023503287283579266e+04
4.908464299805959308e+04
5.231465820662180340e+04
5.078305037720998371e+04
4.901421413580576336e+04
5.333061927858988201e+04
5.220534286785125732e+04
5.390274069341024006e+04
4.852994332377115643e+04
5.574019750499725342e+04
4.574947588094075763e+04
5.900576233100891113e+04
4.859649002138773358e+04
5.332291170120239258e+04
4.525744569047292316e+04
5.517778768952687824e+04
6.015657785193125164e+04
4.651679217624664307e+04
4.708542463556925213e+04
5.568500689506530762e+04
5.393643827597299969e+04
3.942790404891967773e+04
4.175099804814656818e+04
4.392141418743133545e+04
4.019449364089965820e+04
4.033117822488149250e+04
4.106180726432800293e+04
4.029093599987030029e+04
4.785514788309732830e+04
4.378572974554697430e+04
3.942211016941070557e+04
4.277393966293334961e+04
3.823339016310373700e+04
3.740823582585652912e+04
5.014995853392282879e+04
4.593973393376668537e+04
3.733126834519704425e+04
3.666801050345102703e+04
4.268611896896362305e+04
3.365303776772817218e+04
3.768460734685262287e+04
3.572801770114898682e+04
4.626201837126413739e+04
4.040824127769470215e+04
3.989149163722991943e+04
4.175397967878977215e+04
5.230028048578897869e+04
3.939498126602172852e+04
4.132648009109497070e+04
4.088484598954518879e+04
4.367485799535115802e+04
4.104476130644480145e+04
4.006710985724131024e+04
4.011368897851308429e+04
4.310225118446350098e+04
6.179580085500081623e+04
4.588567635218302166e+04
4.757651108932495117e+04
3.544487594572702801e+04
3.825552694638570392e+04
3.898358813921610272e+04
3.696939108467102051e+04
3.630368327713012695e+04
4.737899607849121094e+04
5.462783320522308350e+04
4.367720046806335449e+04
4.208721842734018719e+04
4.051981493854522705e+04
4.919947738202413166e+04
4.999818748346964276e+04
4.630623655096689617e+04
3.649386349964141846e+04
4.326416063181559002e+04
4.870644665940602863e+04
4.526628630161285400e+04
3.879641318734487140e+04
3.990153855450948322e+04
4.686110020796457684e+04
5.225273888905843341e+04
4.062299675178527832e+04
3.735915876833597576e+04
4.095988350550333416e+04
3.888368474992116535e+04
5.071583063411712646e+04
4.083747781976064289e+04
5.133869925276438153e+04
4.058553370984395588e+04
3.923896360619863117e+04
4.167723312155405438e+04
3.955196765454610431e+04
4.323324848810831463e+04
4.555879768053690350e+04
3.514186929257711017e+04
3.782764789581298828e+04
3.900693729400634766e+04
4.156810458564758301e+04
3.918199765046437824e+04
4.202189843527475750e+04
4.612398850218454754e+04
4.021260999075571453e+04
4.384616555945078289e+04
4.855561740938822186e+04
3.429327353445688641e+04
3.937316571935018146e+04
3.748123989899953449e+04
3.730109671592712402e+04
3.349765674177805340e+04
3.510507843589782715e+04
3.773530876827239990e+04
3.947745982042948162e+04
3.906234956169128418e+04
4.857718647321065509e+04
4.523223551050821698e+04
4.050158584626515949e+04
4.062868519560495770e+04
4.484006445376078045e+04
4.204014358329772949e+04
4.216309542878469074e+04
4.193007517306009686e+04
3.439425409380594647e+04
3.586689820893605793e+04
3.150853821945190430e+04
3.218854544162750244e+04
2.783930558617909628e+04
3.081512394873301309e+04
2.728515233103434366e+04
3.188858827527363974e+04
3.236959336503346640e+04
2.999070314280192179e+04
3.411024399248758709e+04
3.254684932549794394e+04
2.770536420949300009e+04
2.790874189440409464e+04
3.692562100092569744e+04
3.138078903516133505e+04
3.350052499357859051e+04
3.455520365079244220e+04
3.267359897740681845e+04
3.243726079781850058e+04
3.278757786687215412e+04
3.404344803524017334e+04
3.293999533907572186e+04
3.712326965936025226e+04
3.383936157290140545e+04
2.600660834153493124e+04
3.155638738568623739e+04
3.020990402571360391e+04
3.130130489635467529e+04
3.164879081726074219e+04
2.783548947938283163e+04
3.061856646474202353e+04
3.044562887096405029e+04
2.997117822329203409e+04
3.186901614665985107e+04
3.153512585544586182e+04
3.282175852266947186e+04
3.198753012180328369e+04
3.346283277670542157e+04
3.957840984249114990e+04
3.162678442382812500e+04
4.024803593571981037e+04
3.420431743876139080e+04
3.011572449111938477e+04
3.017781880569458008e+04
2.822950247192382812e+04
2.994579987017313761e+04
3.699499119885762775e+04
2.749299586772918701e+04
3.313026922067006672e+04
4.054921823596954346e+04
3.709519969685872638e+04
3.613939556503295898e+04
3.314412170282999432e+04
4.293426980368296063e+04
3.454171989790598309e+04
3.382183499431610107e+04
3.784791939957936847e+04
3.455137305863698566e+04
3.661896094322204590e+04
3.258347576840718466e+04
2.958334212716420370e+04
3.313476329517364502e+04
2.896252798239390177e+04
3.095377831427256388e+04
3.436389756393432617e+04
3.022769883791605753e+04
2.802846835358937460e+04
3.068598750019073486e+04
2.823933488305409628e+04
3.047511934312184530e+04
3.453331954669952393e+04
2.872024803415934366e+04
3.658829069773355877e+04
3.362701403617858887e+04
3.451694038645426190e+04
2.799349291261037069e+04
3.092234872245788574e+04
3.226704315662384033e+04
2.966265854899088663e+04
3.465367373402913654e+04
3.342523283131917560e+04
2.984707307910919189e+04
3.181776190567016602e+04
3.422604795328775799e+04
2.959683176994323730e+04
2.966843724250793457e+04
3.403837694168090820e+04
2.873564037640889364e+04
2.961568252499898153e+04
2.748356206130981445e+04
3.564076552581787109e+04
3.506273471736907959e+04
3.424339861774444580e+04
3.427619245592752850e+04
3.158971013037363809e+04
3.027778160127003866e+04
3.324510642051696777e+04
4.137362690862020099e+04
3.528756362247467041e+04
3.455004302342732990e+04
5.133852204958598122e+03
4.220824254353840843e+03
4.330606520334879860e+03
4.132359065055847168e+03
4.295505388895670876e+03
5.194806073506672874e+03
4.357005079905192360e+03
5.607623892784118652e+03
5.256004993120829567e+03
4.649212341308593750e+03
5.893882548014323220e+03
4.509349708239237771e+03
5.394102051417033181e+03
5.159529898325602517e+03
4.695469247500102028e+03
4.878793455759684548e+03
4.489769423484802246e+03
4.704821740468342796e+03
4.738672606786091819e+03
4.034709993362426758e+03
4.293822055180867210e+03
4.872732655207316384e+03
3.945644290606180675e+03
4.081664175351460926e+03
4.603849910736083984e+03
4.751534962336222634e+03
3.841413144747416027e+03
5.166549985567728982e+03
4.179546965281168923e+03
4.749881544431050315e+03
4.314449242909749046e+03
4.226910792032877907e+03
4.271942293485005393e+03
5.639591971079508767e+03
4.609104620933532715e+03
4.328612914403279319e+03
5.193218690872192383e+03
4.652976833979289040e+03
5.290650232632954612e+03
4.153920281092326150e+03
4.952508775711059570e+03
5.455807178815205589e+03
4.195213132540385232e+03
5.203834101041157737e+03
5.844544198354084983e+03
5.204641704877217308e+03
4.655774023691813454e+03
4.660252809524536133e+03
5.041530229886372581e+03
5.715638089179992676e+03
4.790796753883361816e+03
4.639379803339640603e+03
5.024606406211853027e+03
4.996346980094909668e+03
4.933795629501342773e+03
4.840649420102437034e+03
5.300504895846049294e+03
4.936740949948628440e+03
4.638319808324177757e+03
4.306860672950744629e+03
5.695068970362345681e+03
4.710709264437357888e+03
4.980132557551066384e+03
4.681578913688659668e+03
4.936060450553894043e+03
5.349997076988220215e+03
4.349347938855488792e+03
4.855703783035278320e+03
4.574384357134501442e+03
4.478065487225850120e+03
4.482187440872192383e+03
4.469403381029765114e+03
4.499418643315632835e+03
4.771325974782307640e+03
4.882811559677124023e+03
4.012364929835001476e+03
4.873404169400532737e+03
4.530367668151855469e+03
5.108926254272460938e+03
5.228937120437622070e+03
5.022926240285237327e+03
4.357362846056620583e+03
4.889037122090657249e+03
6.494689681053161621e+03
6.565619417826334939e+03
4.789492974599202171e+03
4.868270654996235862e+03
4.676353766759236350e+03
6.271724496523539528e+03
5.513973669370015159e+03
6.316437273979187012e+03
4.777516321182250977e+03
4.501697886466979980e+03
4.402067060788472190e+03
5.393985040664672852e+03
3.836018324851989746e+03
5.575594192822773948e+03
4.593305063883463845e+03
5.597069172541300759e+03
5.211034289995829567e+03
2.138109104474385731e+03
2.381113996187845714e+03
2.471478959401448719e+03
2.087142820040384777e+03
2.384506869951883800e+03
2.525163381258646496e+03
1.922492890040079828e+03
2.133929123878479004e+03
2.217691454251607411e+03
2.293562082608541004e+03
2.210384252230326183e+03
2.371656436920166016e+03
2.515842377980550282e+03
2.654590903282165527e+03
1.972671697616577148e+03
1.958259154637654547e+03
2.361642651557922363e+03
1.992534977912902832e+03
2.198880836168924816e+03
2.158604754447937012e+03
2.259191908836364746e+03
2.195290629386901855e+03
2.106070237159729004e+03
2.347471118291219227e+03
2.156031110445658214e+03
2.310995423316955566e+03
2.134123381296793468e+03
2.272160892486572266e+03
2.373169152577718251e+03
2.187530893643697254e+03
2.598364538510640614e+03
2.148680429458618164e+03
2.286093615531921387e+03
2.445237356821695812e+03
2.296521817207336426e+03
2.372365675608316906e+03
2.058200490951538086e+03
2.308072903633117676e+03
2.212062271436055653e+03
2.151210282961527355e+03
2.485894165674845226e+03
2.432043442090352528e+03
2.403228895505269520e+03
2.276413803418477528e+03
2.197620067596435547e+03
2.338675030708312988e+03
2.392869447708129883e+03
2.778143240292867176e+03
2.285051036516825206e+03
2.165831981976827137e+03
2.350509988466898449e+03
2.159850128491719715e+03
2.469561137199401855e+03
2.302506456375122070e+03
2.478163707415262706e+03
2.027929239273071289e+03
2.536015381813049316e+03
2.507051678657531738e+03
2.286125086784362793e+03
2.159440841992696278e+03
2.260673538525899403e+03
2.290215071996053211e+03
2.133508245468139648e+03
2.349175119717916004e+03
2.233385185559590809e+03
2.297704772949218750e+03
2.142386255582173817e+03
2.089429787000020497e+03
2.271775504748026378e+03
2.352001585642496593e+03
2.439341655731201172e+03
2.320642077128092296e+03
2.186552626927693836e+03
2.139186138788858898e+03
2.250794639587402344e+03
2.251059700647989757e+03
2.591828529357910156e+03
2.312140680313110352e+03
2.519050847053527832e+03
2.060672367413838856e+03
2.458690935452779286e+03
2.197756786982218273e+03
2.064074761072794445e+03
2.476962224324544422e+03
2.325591421127319336e+03
2.202503798484802246e+03
2.280980254809061535e+03
2.318940233866373546e+03
2.375831342697143555e+03
2.142438721021016590e+03
2.294572114626566417e+03
2.151824919064839833e+03
2.445122870763143055e+03
2.301407196044921875e+03
2.219087020556131847e+03
2.454234960556030273e+03
2.389413311322530262e+03
2.230585278193155773e+03
2.194977214495340831e+03
2.305727435747782238e+03
1.708104770024617437e+03
1.605069281260172602e+03
1.594079747517903570e+03
1.624110754648844477e+03
1.764117754936218262e+03
1.646543695449829102e+03
1.538130168279011968e+03
1.763919374465942383e+03
1.520703918139139887e+03
1.669034281730651855e+03
1.593123314539591547e+03
1.641593322436014887e+03
1.524551972707112554e+03
1.494262793858845953e+03
1.581068678538004633e+03
1.904237018903096441e+03
1.675598630905151367e+03
1.644723757108052496e+03
1.713435511589050293e+03
1.606625830650329590e+03
1.799195870399475098e+03
1.570722038904825922e+03
1.714514024416605707e+03
1.704681597709655762e+03
1.481347860972086664e+03
1.595741447448730469e+03
1.580413252830505371e+03
1.968671872774760004e+03
1.658891890843709234e+03
1.616844955444335938e+03
1.471292118072509766e+03
1.579443987210591558e+03
1.744914946556091309e+03
1.741333793958028082e+03
1.890306078592936274e+03
1.673215977032979254e+03
1.588180830001831055e+03
1.556742173830668207e+03
1.675683363914489746e+03
1.602005591710408453e+03
1.809190025329589844e+03
1.617406522432963129e+03
1.606206796646118164e+03
1.740618159929911371e+03
1.708000270207722906e+03
1.740139336585998535e+03
1.890812331835428949e+03
1.437559441566467285e+03
1.696749333699544195e+03
1.523991389274597168e+03
1.660105891863505121e+03
1.716409525871276855e+03
1.744723506291707281e+03
1.742167527834574457e+03
1.650103835105895996e+03
1.701260186195373535e+03
1.816591884613037109e+03
1.730116515159606934e+03
1.646331050872802734e+03
1.601956584294636968e+03
1.766074165662129644e+03
1.832577014605204340e+03
1.611830610593159918e+03
1.860807164510091070e+03
1.659260525703430176e+03
1.599315441131591797e+03
1.569970396041870117e+03
1.709891713778177973e+03
1.687131920496622797e+03
1.595305761655171636e+03
1.670670689264933344e+03
1.817394488016764399e+03
1.763634705543518066e+03
1.676352861086527582e+03
1.515736097653706793e+03
1.437512933413187739e+03
1.608210180600484136e+03
1.578524351437886480e+03
1.536520422617594477e+03
1.532598850568135504e+03
1.622274175643920898e+03
1.781694439252217535e+03
1.729985577583312988e+03
1.440135753631591797e+03
1.668887863159179688e+03
1.735268220583597895e+03
1.627699145952860590e+03
1.560608428319295172e+03
1.541358633359273199e+03
1.560854920387268066e+03
1.626268340428670172e+03
1.683937015215555903e+03
1.637467558542887446e+03
1.508016150156656977e+03
1.586008696556091309e+03
1.561045841534932379e+03
1.860040687243143793e+03
1.481537170410156250e+03
1.854447345097859625e+03
1.469586207707722906e+03
1.580723614056905035e+03
1.534344713528950933e+03
1.285014132817586187e+03
1.474397515932718989e+03
1.362269180297851562e+03
1.561808126449584961e+03
1.384905407269795660e+03
1.425753081957499262e+03
1.481954897244771246e+03
1.654954218546549555e+03
1.311787082990010504e+03
1.552859272321065191e+03
1.633810682296752930e+03
1.390598104159037348e+03
1.393387277285258051e+03
1.354745060602823969e+03
1.453844947814941406e+03
1.399038849194844488e+03
1.429831287066141840e+03
1.408017627716064453e+03
1.543545270601908442e+03
1.359853453954060797e+03
1.333999173482259039e+03
1.490202386856079102e+03
1.419490590095520020e+03
1.629974274953206304e+03
1.491977196057637457e+03
1.368297324816385981e+03
1.574253914515177485e+03
1.443566464424133301e+03
1.341240702311197992e+03
1.644842655817667719e+03
1.442866148948669434e+03
1.351021648724873785e+03
1.503414463996887207e+03
1.315326478004455566e+03
1.594660768508911133e+03
1.427076948801676508e+03
1.390305348078409907e+03
1.536527533213297602e+03
1.568640355428059820e+03
1.303553143501281738e+03
1.531439064979553223e+03
1.339805679321289062e+03
1.361356284777323481e+03
1.252196927706400629e+03
1.546100152333577398e+03
1.680461173693339106e+03
1.561882322947184321e+03
1.412801963806152344e+03
1.395046415328979492e+03
1.393124325434366938e+03
1.507520507176717047e+03
1.497126428922017340e+03
1.508669121424357172e+03
1.484492487907409668e+03
1.456598746935526606e+03
1.390929748217264887e+03
1.421480214436848883e+03
1.357719603856404547e+03
1.434548161188761469e+03
1.524423871040344238e+03
1.277787988026936773e+03
1.377936108589172363e+03
1.409838276545206782e+03
1.462701881408691406e+03
1.340723288536071777e+03
1.485935703277587891e+03
1.503059216499328613e+03
1.607566351254781011e+03
1.540501858711242676e+03
1.474201358795166016e+03
1.672491652488708496e+03
1.445491010983784918e+03
1.317348419507344488e+03
1.331548026402791265e+03
1.351665267308552984e+03
1.346333232879638672e+03
1.395804298082987543e+03
1.384027554194132563e+03
1.434310678164164301e+03
1.458243477503458735e+03
1.564162325541178461e+03
1.430287267684936523e+03
1.531056290626525879e+03
1.524880087852478027e+03
1.535430705070495605e+03
1.577165025393168207e+03
1.566117752393086676e+03
1.652621336301167730e+03
1.538367897351582769e+03
1.457826930681864496e+03
1.493052491505940679e+03
1.571739106814066645e+03
1.426884245872497559e+03
1.487588260650634766e+03
1.472932269732157465e+03
1.402902770678202387e+03
1.633766194979349848e+03
1.624439272880554199e+03
